16440	-6.350105438704918
19609	-6.322768594659891
18895	-5.839916052719786
19019	-5.365998941871461
20690	-5.307590153154507
16678	-5.28202556576715
21794	-5.1914157169396535
16690	-5.133688227428098
18047	-5.111037784531075
14972	-5.098210335026181
19634	-5.08336471699699
15540	-5.038101289465352
17073	-5.0228799937508635
19695	-4.958935728443753
14618	-4.864852179043917
17362	-4.864470576526569
13958	-4.780314978323742
19180	-4.728270065163412
18026	-4.708061526652494
16636	-4.675246638845643
18637	-4.602083200022986
15046	-4.559160480042732
17747	-4.555734275660635
21739	-4.551345010405244
15134	-4.523673022292912
13080	-4.446619117837439
15221	-4.429882606475944
17007	-4.406879237141857
21840	-4.370270450299985
17343	-4.345409214156023
18567	-4.295371401655275
15850	-4.287984855241101
15059	-4.210755768972393
22795	-4.197214886991026
15795	-4.195501107815501
18861	-4.193601888971979
22856	-4.190109495718901
18960	-4.177593966318098
21706	-4.154661337825966
14737	-4.109093441216662
13889	-4.101819062634822
23114	-4.076958263997665
15865	-4.042287408046564
12371	-4.025916550797867
19955	-4.019905788991108
15223	-3.9978451503480836
22423	-3.994866727810445
16136	-3.980197592970157
19447	-3.96535847786527
8916	-3.9443133101955468
15745	-3.932251531203376
15576	-3.9272400762896487
15862	-3.9031922618346337
17151	-3.885505962278787
9794	-3.8850441888853355
12767	-3.868804482928775
15897	-3.810066024336633
21617	-3.7898474264858
14351	-3.7766440950748112
13916	-3.7674328587928483
10940	-3.7621933358792257
16858	-3.7570145085407782
14989	-3.756629227422642
15171	-3.7461170963463446
18198	-3.7313863823609634
14209	-3.7160529459674483
13417	-3.7099266406318936
15437	-3.6875386097698994
10684	-3.672439633484933
18851	-3.661112536335187
7327	-3.6465336986143257
20543	-3.6404464436997834
16758	-3.6295096076035063
20436	-3.605167896896912
17227	-3.596003754407287
11257	-3.5783004315185787
15370	-3.571582379524799
16408	-3.5700196824712958
17818	-3.540196330240796
13228	-3.5235762433232876
3762	-3.519196594953795
18751	-3.473645810582184
17469	-3.462376419670165
15876	-3.453950499254363
10324	-3.448118471350632
10849	-3.448115810258669
12445	-3.4229139358910436
14236	-3.4138429661497582
17849	-3.398837690201948
13169	-3.3972724986582308
16096	-3.381188694011207
6201	-3.370866121255854
9775	-3.3646288531254855
16421	-3.3603237744415253
14195	-3.352521813140455
18634	-3.31986530866319
13809	-3.3142821814431715
14973	-3.309901470769326
11125	-3.3034765375292614
15383	-3.2939178631288066
19014	-3.2859982771101643
9466	-3.2796642147764765
17051	-3.2712382051145856
13222	-3.2690337842257122
13344	-3.2498310580143444
14741	-3.2483370053486764
18068	-3.234827589325706
17224	-3.211583303227271
9925	-3.17458506015179
16810	-3.173310582967078
2250	-3.1716811342701186
12186	-3.1601843340493514
12410	-3.1552020547184787
10877	-3.141826789732226
15458	-3.1366202709653352
15617	-3.120443892688758
19654	-3.119009715922841
19708	-3.111024829335477
19472	-3.110344934459471
11	-3.104211956955119
18210	-3.0944402317997666
16764	-3.0865997545395865
11590	-3.0829201870736713
15498	-3.075316941025455
6949	-3.0710751559494547
15564	-3.066160358616466
7633	-3.0654182304527415
16090	-3.061018602625909
16228	-3.0414382364639763
20144	-3.0344353288639643
16859	-3.03418415136438
16467	-3.0299750080071877
16261	-3.027447202970617
13651	-3.0259413328724167
13867	-3.019185399759666
14378	-3.0101400029047465
12054	-2.999395145332211
16660	-2.987488670221012
16624	-2.9843180367648423
13741	-2.98381680953824
12809	-2.972955859703398
13275	-2.9729321055091398
13998	-2.9694317136603186
13005	-2.9619616214470526
13723	-2.9559698219447967
6982	-2.9552048661616763
19216	-2.9549612433419217
13754	-2.952597995772391
12043	-2.9494683085659914
9459	-2.9471046262153067
9984	-2.946585116749632
15041	-2.9409742638429335
14071	-2.9298119202351156
15180	-2.928106082332415
6433	-2.9215243035803398
889	-2.9191026369608437
12822	-2.918914059102594
7455	-2.918391423178259
12544	-2.916090369277088
16006	-2.915549191268026
17949	-2.9153954064665055
18690	-2.9092463247729863
14751	-2.908651575336338
19912	-2.9070560988632557
9732	-2.8959210156496638
10568	-2.8902662584772014
12929	-2.890083803111447
14968	-2.886702314137654
16635	-2.882354524728211
13085	-2.8642282019895977
18352	-2.8601115978631593
13919	-2.85867247093534
9574	-2.854653431260888
17293	-2.8516318411281802
13399	-2.8500370414042746
18218	-2.849089830101149
12768	-2.845288747949099
13887	-2.8417932575693294
2733	-2.8375520733068056
14283	-2.835468268263488
14318	-2.835223209243561
11138	-2.830895069279623
18686	-2.8240949373053614
21377	-2.811410299923016
19206	-2.8090114804371362
10277	-2.8077450396694354
13039	-2.789137512952751
11571	-2.7843442157917484
11661	-2.7821597161881986
10804	-2.7811993928104193
17126	-2.775977029529668
9194	-2.7694435285334436
14755	-2.769141161039614
19173	-2.7681056907984276
12013	-2.7661579084265644
18605	-2.7589443018571136
11543	-2.757517136269729
20548	-2.755408145239697
9010	-2.7498822763876793
22129	-2.7488503909076454
10642	-2.745732137408325
15087	-2.7453415691308583
16532	-2.736256064058644
12206	-2.7348380568100255
15968	-2.729956745965341
13870	-2.729915832817111
14810	-2.721904063427634
15943	-2.7200980459483906
19757	-2.719958285582564
13803	-2.7181373220703886
18543	-2.717440549920907
14731	-2.7155097845880984
8133	-2.7102837375526936
6652	-2.70921728094703
7583	-2.7082556584977966
14450	-2.7070531546925776
7781	-2.7031216218030414
12602	-2.7030631253369104
11432	-2.7022055916921497
8449	-2.6932641025209345
17137	-2.6884477574684937
11917	-2.684196546668283
9789	-2.6828596080724596
14727	-2.682151707584792
11793	-2.6732451091871945
16133	-2.668565462632171
18484	-2.6671159170971084
15192	-2.666166504582187
17915	-2.665793664128589
13819	-2.661707654612831
813	-2.658400973204416
18379	-2.654727380176474
15524	-2.6516878757842632
10815	-2.6514251675564853
13139	-2.643080987883366
14672	-2.641696128160382
6916	-2.637241263699939
12161	-2.634435418471174
21262	-2.6340070592287015
16510	-2.6230032220659054
20065	-2.6148564281013305
18512	-2.6044762952437877
7898	-2.6041095376104515
14900	-2.604108297598244
18412	-2.5989577667362727
13708	-2.595012005253615
10848	-2.5878408278075917
11467	-2.5862827493558918
18307	-2.5809991809453625
15914	-2.577677002095463
9606	-2.574591130857202
11082	-2.567037056240444
7469	-2.5631993746908854
16021	-2.5607975154173426
18619	-2.558393968186181
10762	-2.550930835657961
15042	-2.5507134286141033
6486	-2.549944026158625
13513	-2.54939205457329
6358	-2.548953717062921
9776	-2.548663459832632
19360	-2.547989928534324
13101	-2.545724541024708
19935	-2.5397025618898974
15353	-2.53925144320934
16729	-2.5358132065138195
14384	-2.529886807821341
11231	-2.5297054634202167
14391	-2.527315180462248
16065	-2.516133309692763
18502	-2.514976050797012
10481	-2.512663630675592
9760	-2.5110095925536027
15674	-2.5038602173123174
12881	-2.5019821074810755
17316	-2.5016957693836037
19804	-2.495101592194856
12893	-2.4929716577092176
14045	-2.4875512081925857
17409	-2.4839859046080304
14173	-2.476769624655758
2836	-2.4661381483544815
13044	-2.456876657633576
16404	-2.4549366577073193
11997	-2.4511091250042276
15063	-2.4492285603213486
10977	-2.4481354076792607
12014	-2.447243990375922
16616	-2.447240597330815
5298	-2.4443226966210716
10114	-2.4409689763957885
16562	-2.4403133730598854
15580	-2.4393140200942374
17769	-2.434974654624299
12978	-2.4336732018868314
12056	-2.4335960087903783
13590	-2.429932634052175
11920	-2.4287796312807295
9110	-2.4287054086125237
16432	-2.4239590348017925
22475	-2.4177900634381158
13753	-2.4142574725776855
22193	-2.4135610284678353
7949	-2.4128318271661335
17492	-2.409023277755624
16023	-2.4076013062722827
14020	-2.406366891568722
17398	-2.404994469147729
19094	-2.4017923419571314
17932	-2.3984913286600524
16973	-2.394880463613309
14428	-2.3883199997855304
14081	-2.3873968206150056
14530	-2.3867701248516284
13424	-2.3864747282588046
17562	-2.381915425708266
9797	-2.3808885777240736
16938	-2.373685307791966
3942	-2.3708156960390108
11199	-2.3705552571700212
16357	-2.367096529728384
17308	-2.366190421048272
3957	-2.364712579269137
19037	-2.3642651725039907
14215	-2.3600544071049345
17390	-2.359156141587498
18278	-2.358034159616568
5797	-2.3553816568971855
12615	-2.349960007417263
14793	-2.3491702826534695
14899	-2.3482987599426077
18231	-2.348176322519766
10863	-2.347340614968867
15755	-2.3459486722280416
16003	-2.341444018743833
11457	-2.3403708050540395
13896	-2.3380427332208993
16500	-2.333673889831648
6896	-2.332557953869623
16705	-2.3301807499535916
9493	-2.328628429727282
12841	-2.3285696555731867
14819	-2.3272985813219758
15522	-2.326034810416057
17570	-2.3237264147833776
21114	-2.3219868330392726
13866	-2.318981372043993
18134	-2.3166424880756713
12569	-2.3154880756840726
12529	-2.3145865078704073
12784	-2.313657493176884
15741	-2.31236608107631
13838	-2.31057320842332
14003	-2.3104908602328025
11772	-2.308383091142874
5401	-2.307120251954673
15539	-2.3033372949262456
20546	-2.3029247265841186
16447	-2.3026743918370194
13565	-2.301578260109155
17178	-2.301419904473485
9675	-2.2789487948424836
16472	-2.269692671699277
9896	-2.268199025366861
16121	-2.2674863461621246
9051	-2.267004874176678
14597	-2.2663415960518836
16098	-2.265322107033966
16242	-2.2627045042018348
18588	-2.2620709179532796
23865	-2.2570701105295674
16610	-2.2546502181126953
16431	-2.252648908297448
18325	-2.252493923124455
806	-2.2489537448039156
17615	-2.2485062039035255
13782	-2.248261972276921
10934	-2.2477352296014077
13588	-2.247132787661628
7561	-2.2468448825490364
7521	-2.2465601681380143
11147	-2.242515153178099
9609	-2.2403852196751823
7341	-2.238590317006036
9826	-2.2349511269289337
16721	-2.2333596638569446
12387	-2.2290848235618066
10753	-2.2232789979024243
12429	-2.220108158269011
6200	-2.2195772216590806
16243	-2.2131186582566067
21667	-2.2098372572652436
18223	-2.208648755528674
12442	-2.208076568146223
18375	-2.2078893414188734
14376	-2.199832451029597
17532	-2.199477206904768
8502	-2.1985286954931933
14518	-2.1980929779465965
12462	-2.1971556720206276
20567	-2.1925769524341643
14506	-2.1911662598900254
9048	-2.189561583046481
16194	-2.18908869060745
8901	-2.186297013346155
16274	-2.1843767635067124
11720	-2.181392993352488
11445	-2.1806192101695667
15826	-2.180155829878064
14478	-2.1798593114599387
17734	-2.179143435922578
12490	-2.178307096971401
14752	-2.1737573695324586
22110	-2.1688544411123027
1508	-2.1687333761994343
7445	-2.166324892863926
14456	-2.1656420593722623
14828	-2.165602197976949
9870	-2.1648942824719373
19388	-2.1637656454133083
12342	-2.163153784188664
12588	-2.162244963618592
16747	-2.1593571881746882
10339	-2.158925558826969
7773	-2.156559388655812
12935	-2.1539711245126614
15624	-2.1518937446519755
2771	-2.151591773594222
15470	-2.1509862472836025
12515	-2.150078854016848
17064	-2.1493410789442025
8798	-2.1475646315692427
11689	-2.1475628346712488
16880	-2.1449462667371644
16478	-2.1431374870455158
13396	-2.142953412641841
2532	-2.1424229730066244
15972	-2.140204727723042
21910	-2.1366294796515093
7240	-2.1356651998207377
6696	-2.135232103123642
1254	-2.129577204547069
16503	-2.1289275366564757
8784	-2.1283499046900216
20540	-2.1268697042489833
14335	-2.1263555854909857
12813	-2.1238363289779416
15557	-2.1234118490427876
14225	-2.1183335440158633
18882	-2.1182203408580986
21287	-2.114513372731565
10759	-2.111508002524216
14852	-2.1111051680905555
18867	-2.1064333423093258
15386	-2.1044356142810217
454	-2.098031670840347
10799	-2.096582726425879
18841	-2.093864516220699
15732	-2.0935273336369145
9573	-2.0883529875083884
11800	-2.087456219278096
11529	-2.0840688079841088
5666	-2.082479050242559
17445	-2.081337866434584
8231	-2.0792531398150325
22285	-2.078443433499638
2208	-2.072167469840179
7395	-2.0705826591600354
16823	-2.0672188990881497
9111	-2.065509694208109
10296	-2.065468278591659
7032	-2.0629308005599576
14018	-2.0618833418514737
20988	-2.0600443250849816
9542	-2.0581580591146253
10386	-2.0577245805641913
16047	-2.0536691004265073
12743	-2.0529507778334133
14519	-2.0529053335405125
19839	-2.0512776429080177
9435	-2.0510075147051956
15866	-2.04841597741339
15144	-2.0479567491650377
10810	-2.04786671460518
17136	-2.0456154367613553
18323	-2.0430919530209546
13791	-2.0420646548245207
9531	-2.040649395042419
13427	-2.0386169640581833
14836	-2.0371410382706956
7462	-2.0361275930410545
16689	-2.034451287358802
10720	-2.0323353886702664
18614	-2.025767869121906
11267	-2.024939052609327
16579	-2.019958491505706
21043	-2.0176403849130558
16835	-2.0175710535513782
17707	-2.0141510268721916
13410	-2.010903142258489
9453	-2.0080074030741035
13110	-2.006935872358742
9135	-2.006723796781409
11716	-2.00659328335129
11404	-2.0007586171147356
13450	-1.9999257187051582
13007	-1.999839190188111
1403	-1.9994345665776474
13393	-1.9993798623999954
11672	-1.9957935592415168
15823	-1.995678740281347
9074	-1.9946345027905723
14538	-1.994456520901091
22387	-1.9938574567640663
18554	-1.9890098820809035
10098	-1.9885671800994122
13359	-1.9843594005146972
12220	-1.9825954608726197
18356	-1.9820950841318248
5243	-1.9791128394707207
9173	-1.9784623273006319
7792	-1.9752353537814207
12488	-1.9750217028376151
13818	-1.9749472482935226
13017	-1.9742801337219569
11504	-1.972923545251849
16470	-1.9725787857525394
18106	-1.9713759568055425
17854	-1.9713521249214232
6393	-1.9707449211564223
13657	-1.970210870066815
8129	-1.9693698080166813
10095	-1.9690518716996819
17688	-1.9675630844878524
14993	-1.9652594284747658
13177	-1.9651197664182332
7585	-1.9638994757030652
14876	-1.961799813810684
10258	-1.9610054481424044
15924	-1.9599850843159394
19879	-1.9594956514564916
14767	-1.958613488908555
10279	-1.9575797090458336
12460	-1.955507659630411
15272	-1.9554343383278274
7729	-1.9548481319485784
13769	-1.9542056014786502
14747	-1.9524483490557676
10039	-1.9513284546498886
14646	-1.950791005891623
14666	-1.9504367946121264
10997	-1.9491695798081392
11102	-1.9484647922976785
10245	-1.9465115589278827
21448	-1.944838121302346
8844	-1.9433940362547961
15929	-1.9430044260059727
13384	-1.9413049501281021
9787	-1.941170409454752
19633	-1.9405243250284177
17303	-1.9399632338937494
16210	-1.9382428894399908
14946	-1.9349542987429384
869	-1.9299704485419393
11993	-1.9292997108059051
15724	-1.9286302625286804
11184	-1.9284968030055545
19267	-1.92781641507004
19276	-1.9243118695234651
14446	-1.9222752588689545
12532	-1.9216819052801606
17047	-1.921415178077038
10268	-1.920264594566494
13123	-1.9194627324480271
18905	-1.917170636823571
8845	-1.9162684275724573
1298	-1.915878936626615
16420	-1.9147306476171735
16492	-1.9145543714132938
9528	-1.913136152855341
15279	-1.9120705305010006
8617	-1.9113501798066421
5252	-1.9097351279336012
7983	-1.9091471952200705
11232	-1.9082346079493178
4004	-1.906788345118904
10834	-1.905930914265134
12919	-1.9058126651698932
11158	-1.9034172390769855
10688	-1.9027244829087766
15247	-1.900543754736577
12174	-1.8995367811703256
13121	-1.8994980809121227
14926	-1.8955567727212341
16569	-1.894252480252713
2560	-1.894103720582358
9711	-1.8934884981502502
15258	-1.8922415354014441
18862	-1.8900709504953368
16707	-1.8894950257789909
15274	-1.8887055120512215
8622	-1.8859198553585363
18288	-1.8856550053204915
9276	-1.885510749455939
11667	-1.8851869403233465
12542	-1.8844122736069124
6352	-1.8830801451906705
18461	-1.882175779218503
15821	-1.8815412230141875
13245	-1.8809165014273541
15118	-1.8807006998663116
9520	-1.8773965496920788
8796	-1.8763927854908438
19449	-1.875916560922855
12456	-1.8751442502644706
11205	-1.8734448073114667
13444	-1.8732940558501896
14147	-1.8724680807665621
14459	-1.8719300266573433
9301	-1.8701934376101663
15248	-1.8690255850188868
13156	-1.8685482480309847
9836	-1.8683008368533196
16160	-1.8682494524340019
8545	-1.8672546042226639
17167	-1.8664912105492975
6786	-1.86595174200345
20078	-1.8654687325804842
12616	-1.864925204004138
15894	-1.864829023860604
9373	-1.864821483450313
15961	-1.861793457836209
19653	-1.861309185826004
13989	-1.8608573009769716
2256	-1.8599857444796457
8523	-1.858640642054971
5372	-1.8529987260596192
12407	-1.852924818561277
6841	-1.8527708213516136
5811	-1.8480579043167376
12619	-1.847272743758694
4360	-1.847052798245694
15135	-1.8468948212740397
11235	-1.8445042370441849
20609	-1.8413867578193446
10515	-1.8403952762514764
18633	-1.8384740308436938
10282	-1.8376871904886511
5572	-1.8367160100073765
6573	-1.8362374395933898
13622	-1.8355564959667139
8948	-1.8341014354955205
16606	-1.8336392143795257
11854	-1.8330271683136226
17651	-1.8327476110427836
11607	-1.8311919176606957
12364	-1.8305949993327135
13516	-1.8305430473993651
14043	-1.830075723319832
9517	-1.824703718959323
9204	-1.8195408698238762
10436	-1.818598394693154
19784	-1.8171645752272394
10150	-1.8150734557033263
14764	-1.8121208651167087
8640	-1.8105088950194455
18777	-1.8100499895559607
16159	-1.8087590371828313
6731	-1.8074476336552527
11406	-1.8070107688564954
8920	-1.807002481075885
13511	-1.8066915829287662
18657	-1.8060273692091247
15390	-1.804306663227466
7398	-1.8033805807936127
15322	-1.8024896708923752
7775	-1.799122836919321
13841	-1.7978934337082841
2767	-1.7917595357097158
16293	-1.7908073534719566
10402	-1.7896185067401134
13928	-1.7895879293408814
9206	-1.7892868521031065
16361	-1.788759848126856
11340	-1.7883895979908904
9257	-1.788325567988018
13328	-1.7877303834511966
13471	-1.7873799065519818
16187	-1.7867157630870925
15453	-1.7866714705435731
8717	-1.7857832174155488
14958	-1.7853533711101972
15798	-1.7816655722796222
12640	-1.7812380058119917
10345	-1.7811149078654738
1182	-1.7809000734515252
19496	-1.7805225225739971
12077	-1.7801851372093425
8111	-1.7781381397081346
10240	-1.7779657530286845
4609	-1.7772405027922262
13057	-1.7769743110030147
3060	-1.7757838039483185
8943	-1.77230287383844
12393	-1.7717691172089507
8691	-1.771221264553724
15612	-1.7707036317914993
16634	-1.7704403226228393
17864	-1.7679754799864895
7639	-1.7677492529954675
19509	-1.7673752352545862
13665	-1.7670613750351216
20491	-1.7651808442697674
15743	-1.7649634211284462
878	-1.764512660916835
10727	-1.7644751790740036
11969	-1.7638710620398987
11840	-1.7627330083311148
6895	-1.761306469487198
16879	-1.7591826899898286
10611	-1.7589540946511717
8460	-1.7574491093533309
10612	-1.756322333689149
2934	-1.7557637190913113
11892	-1.7557635801632774
15868	-1.7550296892020203
11694	-1.7548866194588493
9003	-1.7531763263972662
21357	-1.7528741429048196
12730	-1.7519377814756407
8620	-1.7517188293837136
8569	-1.7510270604340532
16162	-1.7488431173932688
15895	-1.7470232615918908
12346	-1.7468191796243544
12775	-1.7467079478733407
10805	-1.7463587385328978
5746	-1.7461566257606111
5842	-1.745253329240488
11416	-1.744209074208807
11104	-1.7438096961949647
4333	-1.7423189536671635
4298	-1.741746216185325
18739	-1.741653256182275
11827	-1.7396550585325337
13051	-1.7386466400343088
11480	-1.7377445811929297
15890	-1.7373054815800495
9209	-1.7363221013714152
14238	-1.735337591947331
16617	-1.7346414616440204
14118	-1.7339206262838671
14262	-1.7332857039533085
13663	-1.733250469992121
17612	-1.7328966247659268
2861	-1.7316713479461279
13921	-1.7310747564726605
526	-1.7287024329567326
11640	-1.728160053814847
15937	-1.7281556808042344
12397	-1.7277646909289435
5924	-1.7268012149976355
13606	-1.723566963033046
8375	-1.7207060990790393
11396	-1.7200266643452309
14761	-1.7194672394375843
7952	-1.7179822307436703
17596	-1.717494872135441
14297	-1.7174811314012701
13625	-1.7172892153318073
11334	-1.7167998625565444
9449	-1.7166336610729864
12585	-1.7160660290424286
11283	-1.714144460008065
15849	-1.7130503803516173
324	-1.7125682367670636
16355	-1.7114315422372772
6256	-1.7113462858960804
12080	-1.7112207602254947
15315	-1.709424124642106
16135	-1.7090695389008617
13122	-1.7079664524120641
11112	-1.7077723172854948
14226	-1.7077646618461677
9858	-1.706676297801198
9783	-1.706209647039152
14026	-1.7050817453224423
9558	-1.7048410379204886
6451	-1.7045389103713273
15700	-1.70388446106692
18437	-1.7028606101553208
7459	-1.7022244120231302
18380	-1.7018913863813865
9702	-1.7008409458393545
8067	-1.7003373780284832
18534	-1.6998562251555016
15201	-1.698874064448714
15417	-1.6982914152552269
14634	-1.6981206034109533
7806	-1.6977975705992672
13011	-1.6977836192590179
9031	-1.6975824539021065
16659	-1.6973787294924254
13612	-1.6971179793826852
11777	-1.6970982631775162
12887	-1.6970606527607834
5329	-1.697044195925705
13239	-1.6959921366098885
9781	-1.695773938625274
17962	-1.694477745454356
17026	-1.6917861153245013
11907	-1.6917248477345503
13456	-1.6909692170765607
11087	-1.689582415229007
12493	-1.6895519955698837
10988	-1.689371154658568
16811	-1.6886567351658783
7736	-1.688548441786948
17621	-1.6879124688593743
7679	-1.687520815258905
17852	-1.687489779101629
14435	-1.686714148316111
4820	-1.6865279767212815
4538	-1.6849813717087332
12995	-1.684155994900842
14219	-1.6835395566198554
11758	-1.6815455972336302
17472	-1.6805455022761204
7218	-1.6795524375879627
6971	-1.6795319077727386
15647	-1.6791219487746851
9169	-1.6785467742550981
9906	-1.6770008550821989
12895	-1.674683917188919
8837	-1.67459417427739
14698	-1.673280957222504
7901	-1.6730131384281952
19171	-1.6706361370645668
14137	-1.6701937970091842
15933	-1.669486170867748
8542	-1.6690341241369564
6189	-1.6684583618173763
10722	-1.668102687311122
1385	-1.6676216360922567
11692	-1.6669998820329714
18055	-1.6664875090267297
15304	-1.6664168321140236
8156	-1.6663739008796863
13648	-1.66470470938282
14048	-1.6621578476203103
4384	-1.6616753292157245
11992	-1.661670406280268
18976	-1.6613820147350806
7836	-1.6594297478998172
13720	-1.6587763412002359
17500	-1.6581428823659734
7740	-1.6573053366148338
4462	-1.6551503027915841
7396	-1.6550174254922958
13069	-1.6546918387794176
11069	-1.6541657105164222
16493	-1.6514327934363207
3512	-1.6496633072680857
4366	-1.6470411350007372
16628	-1.6465583284813015
2407	-1.6465091811213675
11518	-1.6457266730075049
10788	-1.6455721427739973
15028	-1.6442300682255102
11934	-1.6436287189866616
17643	-1.642445519653625
14879	-1.6420652304474688
14325	-1.6412000991025542
6987	-1.639980262849299
16371	-1.6399177907033275
3761	-1.6393196845034739
6942	-1.6384202333737634
15793	-1.6382203154442654
11619	-1.6373557834582788
7871	-1.6368966884921619
1992	-1.6366787719535698
10556	-1.6359722576459372
7839	-1.6344892245984657
11331	-1.6343057929626719
11421	-1.6340454461431695
8938	-1.6323909501464733
2299	-1.6312624206413044
12278	-1.6302566331896498
18208	-1.6288956837575672
10881	-1.6287811401141408
13508	-1.6254637524628337
6683	-1.6252288144473463
13961	-1.6239287128468725
11072	-1.6237702401962906
7794	-1.623676210362821
9737	-1.6215556223301113
5809	-1.6213833448037245
10406	-1.62046958726755
12506	-1.6202283343164385
937	-1.6197403575355125
9113	-1.6194610554780275
9806	-1.6192516508935118
12780	-1.618682211696173
9532	-1.6169592372645374
11355	-1.6162081896358516
15414	-1.6147176311761735
9263	-1.6132963180446485
16315	-1.6131208717292982
5753	-1.6129260347761774
8085	-1.6127856689252527
20863	-1.609912659711818
1481	-1.6092716700741447
16064	-1.609079786309756
8983	-1.6082486141728212
17608	-1.608218667601705
14479	-1.6077856845065073
14170	-1.6070573495326532
8342	-1.606185810233838
7399	-1.6059524343710374
5042	-1.6043074696015145
10042	-1.6019157993524868
11165	-1.601827460162328
12553	-1.599424436721057
11664	-1.5994193060593147
17382	-1.5981952422449852
17019	-1.5974663849308146
13738	-1.5963531998717209
10169	-1.5952051955652469
9568	-1.5949246589480013
11677	-1.5939899337768972
11562	-1.5928173937696855
16871	-1.591604031549807
13675	-1.591183071920072
4165	-1.5905237802823293
4280	-1.5903314726196902
13376	-1.5901524096832282
15460	-1.5892839245004238
10682	-1.5887797167111817
13249	-1.5887578242122435
3518	-1.5883039003721098
6822	-1.588239610136161
7431	-1.5876422811866369
13219	-1.587063696928231
9275	-1.5867692938582303
10793	-1.5866226893095237
11210	-1.5865054440354573
15267	-1.5861096589271089
13482	-1.58559825548392
12781	-1.5850818812157494
17930	-1.5846445158141023
7409	-1.584598172718394
9251	-1.584526523711409
3504	-1.5844769349893328
10234	-1.584092482310927
2476	-1.5836996370673153
14499	-1.5832012126068302
17529	-1.5829783115145495
17134	-1.5824997093203264
15721	-1.5823763499502803
16474	-1.5812975441436519
18351	-1.5812165452093427
6576	-1.5810574822487162
11393	-1.5805959158979321
17521	-1.5804232871080564
15510	-1.5798041969605734
18192	-1.5792250078542083
13405	-1.5790860961643454
7506	-1.5785911749713815
10334	-1.5781926584224455
14056	-1.5780994808241644
15873	-1.57795160620731
16970	-1.5775067281561608
19011	-1.5767248038560773
14546	-1.5765054585927212
7788	-1.5764008258382134
16916	-1.575774758373111
14299	-1.5754521456630495
9224	-1.5750421477090126
14971	-1.5720826497612561
6670	-1.5714277834060277
20809	-1.5708938730322828
4324	-1.5706231982969074
15718	-1.5698711122923121
12890	-1.5697581127431024
11014	-1.5680917037624538
17175	-1.567738183011324
15967	-1.5665985570430414
10618	-1.5661296573296444
12505	-1.5657371412464784
14356	-1.5647578894658103
359	-1.5640794392605757
11022	-1.5627344249386625
9311	-1.562559591298868
13869	-1.5615351613888417
3753	-1.5613894766111671
3785	-1.5611277496414921
14643	-1.5596251073490177
11909	-1.5594729848651014
9030	-1.5593534741559705
8064	-1.558844727108213
11950	-1.5582283262634962
8760	-1.5574221493727167
10463	-1.5569036435709784
12509	-1.5566632169815455
9735	-1.5563843179525199
12666	-1.5559104013390832
21490	-1.5543592116913665
18003	-1.5537249355758327
8806	-1.5536662440893627
8795	-1.5519687608483903
6255	-1.5517375476958704
14046	-1.5515416973567795
15805	-1.551251479678077
4852	-1.550853555911054
5702	-1.5487010696666628
14575	-1.5480133993032286
10013	-1.546592289967795
11714	-1.5465408514268684
12567	-1.546142671606997
8816	-1.5452594452558943
15021	-1.544862134020102
10847	-1.544428486715936
15691	-1.543920818721067
5522	-1.5434145756510262
14088	-1.5431006887064076
11853	-1.5415594269759074
7224	-1.5412567896425273
13562	-1.5411873577958763
14429	-1.5410096141780132
12566	-1.5403461533014542
12098	-1.5402137211515996
17105	-1.5388349475671363
15109	-1.5383905758490037
13808	-1.5378992626627837
9394	-1.5358588086625713
7371	-1.5350344405123848
8105	-1.5347357013171659
15645	-1.5346068072218646
8056	-1.534229272348767
7758	-1.5339621752249575
14007	-1.533726643882174
9799	-1.5332624084282949
7946	-1.530907533034823
11703	-1.5305706856441033
7913	-1.5300202459661871
12902	-1.529757188698797
5495	-1.529579946825497
13652	-1.5278410154419075
5296	-1.5276589992728695
15082	-1.5274465803747732
3030	-1.525107642131407
19517	-1.5250342009436981
19152	-1.5249502067374014
13596	-1.5239640577091125
8336	-1.5238961562848339
13357	-1.5232688899584066
11305	-1.5231613768962298
9987	-1.5229505697233348
13459	-1.5225863171775635
16344	-1.5223493000763182
11439	-1.521989372968128
19602	-1.5218843039066314
10288	-1.5207488844277695
18140	-1.5205313057950933
10761	-1.5196425521145864
16062	-1.5188366124349186
12254	-1.5184473277399675
11137	-1.5183693979687936
9117	-1.5179981007158871
8096	-1.5175430520471582
12436	-1.516340654447504
8025	-1.5148591188399192
12646	-1.514485593456145
10604	-1.5144067732462407
10415	-1.5109903139056011
10075	-1.5108619589021395
15728	-1.5102809655268503
8596	-1.5099207704941908
13486	-1.509862173606424
5525	-1.5087726842062226
15947	-1.5081816285835556
1224	-1.5077394215014326
1585	-1.5065131739033801
16169	-1.505895219849132
14091	-1.5046887692994837
13594	-1.5046139112466763
17715	-1.5037101537924804
13066	-1.5033764664791287
19373	-1.5027036650732026
10410	-1.5021741593127669
16950	-1.5021416402154384
13735	-1.5019148579453891
3708	-1.5018304640452558
8722	-1.5010926954279447
12543	-1.500752557489769
11314	-1.5007053453459047
9161	-1.500201628868348
9136	-1.4999010548546323
15523	-1.4981699117183784
14675	-1.4978147544429745
18556	-1.4973416849700987
14035	-1.4970254921910189
11522	-1.4966586145288128
9765	-1.4946353474515153
9582	-1.4933824678048084
4892	-1.4932795127301912
14174	-1.4929182265311993
9344	-1.4926319788690687
17081	-1.4918306847910434
16245	-1.4916772628042991
2869	-1.4912094490477434
4764	-1.490690480298227
8932	-1.4901579383314787
10838	-1.4894064632955644
9296	-1.4849970541805737
11872	-1.4816510988588365
18145	-1.4816487235918891
11042	-1.480766786909352
6807	-1.4802732445898654
15927	-1.479626742038891
7851	-1.478954964484355
12007	-1.4788733180192193
16779	-1.4784567176591112
13475	-1.4783691498586546
10167	-1.4777307122333823
9725	-1.4771758603472207
12907	-1.4766406911003593
8529	-1.475294391406677
3679	-1.4726684021800105
10467	-1.4696278684504496
20086	-1.4686981370352254
19595	-1.4681327932825767
6914	-1.468016129808171
5507	-1.4677698406774577
12118	-1.4677603542643634
10862	-1.4675670870400974
14574	-1.4667736035875658
13175	-1.466389998554811
16439	-1.4661770149098088
14139	-1.465905320990525
4070	-1.4656160107978558
18173	-1.4646926865228134
11292	-1.463695863483239
14212	-1.461885277505776
8676	-1.4615132365489356
11466	-1.4595233342526055
16750	-1.4594329816567468
6776	-1.4592079274611685
11652	-1.4588765432229112
14777	-1.4584108558313926
11879	-1.457797074819723
5017	-1.4573965472778305
6108	-1.4560768290301391
11049	-1.4559448747677997
18732	-1.4554096837139099
9225	-1.4549163912619199
4542	-1.4548287740422343
16929	-1.4536098719029946
14766	-1.4528306448535413
13566	-1.4525619177853917
10552	-1.4518466582360612
14121	-1.4513141925296178
12799	-1.4499621562516802
12626	-1.4498154416386317
17913	-1.449522435693404
15699	-1.4469673641903262
17344	-1.446853254942554
14222	-1.446829037843177
14208	-1.4467385017650356
10152	-1.4464357769157488
13523	-1.4460937507027476
8424	-1.4453252490510018
11621	-1.4451683761320935
7908	-1.4444500943061096
10394	-1.4437443969317099
13817	-1.4433091496013175
5055	-1.441500396928287
12105	-1.4409170006018726
13844	-1.439986236215729
12796	-1.4394029670302144
12398	-1.439077704733236
12360	-1.4390407280874808
8365	-1.438402647051182
4374	-1.4377638477277033
18910	-1.4364856613910877
3041	-1.436167505017831
6555	-1.4360019843889897
11373	-1.4353011539685292
4426	-1.4345077429711508
17174	-1.4344042876254925
6963	-1.433316332835518
10994	-1.4325852046726788
5300	-1.432249895520064
14636	-1.43115019654411
7008	-1.430292566452658
16661	-1.4302693278355494
12658	-1.4297260846838689
3621	-1.429141211201863
12430	-1.4269731770233058
11379	-1.4267917406066009
16081	-1.4267556699519623
11163	-1.4264229608945984
8996	-1.4256674514577503
17474	-1.4256379258813885
11951	-1.4254694711875697
2808	-1.4253106238239521
16331	-1.4250456357805725
14416	-1.4245034669575114
15292	-1.4241553311475799
5470	-1.4227284346457354
10313	-1.4225859881359124
3001	-1.4211918614481622
10185	-1.4204399988471803
12379	-1.4184445822822085
9376	-1.4181372875720837
3237	-1.4144889944484573
15716	-1.4144557171086944
7021	-1.4142732670164848
1133	-1.4136850168771
10638	-1.4128452347686677
7458	-1.4125084107467714
18544	-1.412287415308734
11995	-1.4112336920293678
12650	-1.4110945890610276
16894	-1.4103902154063976
12829	-1.4096151457973736
15117	-1.4091436886871715
5410	-1.4086220530433233
15833	-1.408482473836722
11653	-1.4084020868404648
12641	-1.4075846134925827
12144	-1.4068727800558687
9890	-1.4067681588591987
12359	-1.4066262533357132
11982	-1.406311948613101
13897	-1.405586313891107
15723	-1.4054398675960977
13058	-1.4054170306983218
5535	-1.4051306319872865
13524	-1.4049884686441794
9736	-1.4047712396510756
9753	-1.4038719070187935
8278	-1.4038501526772211
6665	-1.4035846520581468
14524	-1.403535023078512
12017	-1.4023585081605774
9731	-1.4017827983060462
12707	-1.4013072739550483
15759	-1.4010639081152694
10321	-1.400514032126417
4506	-1.3998108885275644
17022	-1.398871718035059
15164	-1.3984135331413203
8934	-1.397616173618805
15502	-1.3974900139607636
7855	-1.3966464611738576
8544	-1.3961637213848355
13709	-1.3953551181039752
3547	-1.3950763771824537
16002	-1.394592256724555
12771	-1.3941974811491324
15080	-1.3935157579082975
12059	-1.3933371495944225
5169	-1.3931647217355625
11718	-1.392251467624985
6893	-1.3917252352474827
8480	-1.390539344920949
11517	-1.3900550357509527
601	-1.3895169887369736
15147	-1.3889907594775233
6902	-1.3880951764306801
18363	-1.3867725032110867
15056	-1.3865310991860684
10239	-1.386248211232997
8574	-1.3861007525487017
7440	-1.386055850741782
11902	-1.3860381001286242
19182	-1.3858088573776597
18975	-1.3854932447644266
9266	-1.3828069916894756
12110	-1.382698723256778
11177	-1.382268321306027
9921	-1.3818972036181894
15480	-1.3817789187586849
6163	-1.3813693943840626
13342	-1.3799041134950503
9730	-1.3792123324199463
14075	-1.3787975135920578
11075	-1.3783302403541013
9357	-1.3766943986483147
13751	-1.3757525494897171
14198	-1.3751527999152793
8937	-1.3750026479073507
16418	-1.3749702330311349
1183	-1.3746351687411946
8791	-1.3740126045030734
6743	-1.3736971287512452
7288	-1.3732453406144411
3834	-1.3730029773043062
12286	-1.3711457507760751
5423	-1.3703422254648294
9077	-1.3701408645042825
8406	-1.369841522259578
12402	-1.3697965427813537
14415	-1.3697897714227807
14938	-1.3696232454209067
17477	-1.369579136602439
6330	-1.3689388813454668
10570	-1.3686716129945347
13959	-1.3683665162733827
15335	-1.3682748229383297
10272	-1.3681547662496865
10440	-1.3673095767899108
13434	-1.366137078660187
284	-1.365038186405981
9001	-1.3648546485364075
9229	-1.364409285107481
19326	-1.3637168511796296
10591	-1.363565105318804
52	-1.3635172329540053
11424	-1.361532630714042
5167	-1.361072757061337
11483	-1.3605013418106024
10778	-1.3602562004863978
10633	-1.3600648864703166
1875	-1.359484010240138
9133	-1.3591804461590244
10933	-1.3591307484748956
10130	-1.359050717971345
11803	-1.3590208593765234
1106	-1.3578805245510903
15158	-1.3574625328056473
12215	-1.3568009234795142
8570	-1.3566200906261023
346	-1.3552368058165796
17029	-1.3550468078116147
16303	-1.3542557431322915
11960	-1.3528259299671914
10368	-1.3527027906527496
17453	-1.3515323428556365
14434	-1.351373193163588
10850	-1.3507809022372028
7618	-1.350759796541675
16484	-1.3501936374926498
10764	-1.3489633973405462
15874	-1.3485824214312634
7884	-1.3475135725796479
6528	-1.3469067023977748
9134	-1.3465977183126472
7323	-1.3455551040425906
2	-1.3450180831113017
1399	-1.344275751659175
6794	-1.3441884741295695
13443	-1.3440949977669643
15768	-1.3434273611170169
14103	-1.3431999247511706
11271	-1.3420405639561148
17857	-1.3417385910652393
10765	-1.3403125995981746
16031	-1.3395116668266858
18562	-1.3386896573419036
8870	-1.338627574649807
12413	-1.3378495770027115
11984	-1.3375573401767897
9486	-1.3372930560832972
6458	-1.3365252405854207
6861	-1.3363011400474867
8774	-1.3361870754721692
17626	-1.3352305595136102
11086	-1.3347621514982257
11580	-1.333757257576113
13413	-1.3337131426031528
13351	-1.3332945691531815
17413	-1.3332650551120906
16044	-1.3329998229612574
17168	-1.332927011894317
18111	-1.3327849658093822
8888	-1.3324224278381849
10878	-1.3317796349260862
9594	-1.3313478846044229
16126	-1.3311692714483037
8638	-1.329850038836251
12178	-1.3290665765263778
16407	-1.3289468070193493
8471	-1.328703545943876
11826	-1.3281252305714697
8530	-1.3280278037161906
9303	-1.327817204122415
11202	-1.3273528751520485
13030	-1.3268857810841939
2176	-1.3266175559683127
11450	-1.32612600256208
12287	-1.325170039281724
18295	-1.3251520032036714
17188	-1.3249038202014947
14422	-1.323660200684056
13770	-1.323625340109657
11012	-1.321503006479674
11238	-1.3207765420983753
9602	-1.3205400684566757
4851	-1.3200087893500472
15344	-1.3162185087673237
9244	-1.3157957763797514
16630	-1.3156034662898846
14437	-1.3149505535797268
14049	-1.3144580287251424
5028	-1.3141743817217
13581	-1.3127892609854932
17619	-1.3127154713780602
16132	-1.3126939148865953
7448	-1.3126670581284678
11525	-1.312249938923391
12453	-1.3104047138673938
14759	-1.30933561450883
9	-1.3075915035380994
141	-1.3070940347136009
13063	-1.3061974865982837
4136	-1.305898799259723
6686	-1.3050058100025377
5307	-1.3049072688922478
11048	-1.304262301682901
10544	-1.3033963256594185
4372	-1.3032010367189215
16609	-1.3031957081794279
8347	-1.3021392788357804
15016	-1.302088565653346
16384	-1.3020642283631794
6362	-1.3019769337843927
15532	-1.3016215004632272
10267	-1.3012812335224486
10201	-1.3004035433069854
3578	-1.3003673344282176
10679	-1.2998775370912508
8074	-1.2992332687012405
5708	-1.2985887408722476
7467	-1.2984413978512133
9038	-1.298419992306562
11033	-1.2979086673221023
12467	-1.2976173945012532
8703	-1.29747656214432
12104	-1.2953636206928725
13795	-1.2934264976559267
8469	-1.2931901387360285
11050	-1.2926373313229074
12992	-1.292533849842666
6724	-1.2918277556260296
5727	-1.2916169921326721
6845	-1.2911967686353478
10188	-1.2910884464056023
6285	-1.2909504141815182
13823	-1.2907588553578768
9106	-1.2907234646042884
6704	-1.2900698517167206
3799	-1.2886635007589071
2650	-1.2884606093686768
4613	-1.2884214733484527
13018	-1.2883203106143168
4145	-1.288039459301458
3740	-1.2879901002358183
14004	-1.2879021601109792
1059	-1.2874619030857344
9332	-1.2873982089150906
8990	-1.2873354199785656
12763	-1.2863187044418367
9469	-1.2853887951984866
3281	-1.2852377301581728
16445	-1.2846757598967633
14686	-1.2845687892636761
10695	-1.2837343232362781
16986	-1.2836285994119359
8141	-1.283223004479149
13204	-1.2829455881597411
13882	-1.282486444523693
12924	-1.2824236046287865
5810	-1.282388744762194
3854	-1.2822793262223182
8999	-1.2819192012454577
3073	-1.2815083094121948
17553	-1.281098259986642
1755	-1.2810651658591883
6153	-1.2809246913266095
6354	-1.2798625155708057
8840	-1.279815420428114
11037	-1.2785871841952938
12580	-1.2785297380793101
11528	-1.2773973490319277
127	-1.2772266769536218
14370	-1.2771999952333275
14017	-1.2771562934634455
5648	-1.276772832210926
49	-1.276321161298806
5411	-1.2757647097104106
12302	-1.275413967113257
6322	-1.2753732287498776
15291	-1.2747548519551408
8922	-1.2741670069463042
4073	-1.2737397667505368
4612	-1.2736184165030047
10504	-1.2735982581556007
13207	-1.2732521594001875
17668	-1.273232515295836
10957	-1.273105571344253
4657	-1.2727606511703633
3742	-1.2709194366144199
9008	-1.270676545873331
4899	-1.2702962902734605
6261	-1.269983079867467
11122	-1.269296248556306
12776	-1.267716778889964
17605	-1.2673540095192726
15179	-1.266763288613549
14095	-1.2662255612827042
12303	-1.2661388056659746
5632	-1.2657124009420797
9329	-1.2654520358384806
9816	-1.2651918235441906
7402	-1.2647342066907747
7439	-1.2644528931588535
10827	-1.2637479139751555
6513	-1.2636355162389745
5954	-1.2625721152662541
15840	-1.2622857978129827
11357	-1.2621960493877253
4783	-1.2615322388992252
4474	-1.2611358330934974
1693	-1.2608032195129162
5556	-1.2606183246514533
9272	-1.2603649501418552
9788	-1.2602256916969938
9639	-1.2596733268679114
8301	-1.2595392308892028
8009	-1.2567195699208866
10941	-1.2565847272801856
10868	-1.2565676716733247
18595	-1.2564536785967684
15860	-1.256414644571862
12946	-1.2561896802842842
10577	-1.2558270664226838
6955	-1.2556026204849342
13666	-1.2554754663842018
9920	-1.2545928911338862
18328	-1.2541135783327524
5004	-1.2540561157780874
15672	-1.2539046376117031
14324	-1.253871812533258
10264	-1.253512038109589
10601	-1.253142370164589
10027	-1.2521648349277081
2674	-1.2518477241305328
9642	-1.2517555688921427
7635	-1.2515330001406648
8118	-1.251369835903891
13603	-1.2506955390168444
9619	-1.2506641684758752
11875	-1.2506503543797396
17592	-1.2505751969028522
3375	-1.250105732321265
13993	-1.2493205836642987
8495	-1.2480549352560368
4945	-1.247406487453962
12850	-1.2473481137717601
4549	-1.247257604035046
16130	-1.2458254111187685
5942	-1.2452149462907136
5162	-1.244631094333994
14135	-1.2437018775623125
6069	-1.2427383094715352
11864	-1.2423018086976905
6056	-1.2416046852138407
9782	-1.2415598556570049
12370	-1.2414671379271016
3139	-1.2414145712014473
13470	-1.2414019652584098
5513	-1.2405378068125248
335	-1.2403087585097168
11490	-1.2398645687219683
12458	-1.239849103503219
10867	-1.2391845981983436
6864	-1.2388607711556257
16120	-1.2384815566680742
10648	-1.2378430367487867
14381	-1.2366501392925406
11506	-1.23589430210752
14581	-1.2355586959460516
2268	-1.2353763844850751
6663	-1.2337764082684113
7778	-1.233642510116007
7106	-1.23253120403881
13442	-1.2323224369509904
5889	-1.2318095422293132
9554	-1.2311369567690353
5622	-1.2310446469918979
2722	-1.230349270555351
17848	-1.2302512221928856
14175	-1.2300086343044914
11193	-1.2296602069123395
12819	-1.2295703016004988
1888	-1.2272754341270735
11925	-1.226195046555728
9585	-1.225304507982062
15838	-1.2251916349007952
2149	-1.2250227068495128
4573	-1.224624731075022
9678	-1.2244317346322813
16568	-1.2240770626658888
6489	-1.224076789359578
6477	-1.2239243097695782
11089	-1.223631595043647
15677	-1.2221333231806197
15550	-1.2200230635971583
11792	-1.2198065337323516
12367	-1.2193317158374317
10388	-1.219289786276229
8516	-1.2184106029603998
13499	-1.2184074767147766
11391	-1.2174866267840447
7331	-1.21739877110919
5940	-1.217218194155971
7874	-1.2166242654108022
12329	-1.2161805159288042
9147	-1.2161217136969613
9766	-1.2159006892288808
12678	-1.2158530684827198
16147	-1.2156202055578667
1926	-1.2154785090491027
14708	-1.2151651044640779
5247	-1.2149145628159146
9990	-1.2139031883947227
5784	-1.2138947645585934
1265	-1.213628515265235
7627	-1.2118351358001243
16317	-1.211418887068802
3320	-1.211268861836303
14259	-1.2110871885376535
78	-1.2107699299208845
12617	-1.209858697104252
11034	-1.209351897231709
15729	-1.2090521065235966
336	-1.2089989048622118
14161	-1.2088230181969823
5482	-1.2087236145326898
15825	-1.207885500661258
3521	-1.2074391403009188
13630	-1.2072690362396499
15930	-1.2072304630999824
14154	-1.2070904324765546
10372	-1.2066801095466444
9025	-1.2063926436517103
12570	-1.2055499501765916
15578	-1.2048060988178115
7864	-1.204220261843429
10699	-1.203995474021918
15976	-1.2031030802615184
10898	-1.2026243163257224
9905	-1.2020981227328495
11729	-1.2013960773779107
6585	-1.2012186047398754
1279	-1.2006613751720343
8293	-1.2003649439285098
7702	-1.199827505748649
13172	-1.199607746917685
6099	-1.199232964873177
9300	-1.1989094227525545
1718	-1.1988480590928667
7877	-1.198829666308471
14305	-1.1985390188988054
15364	-1.19785668272043
11510	-1.1976472349164466
12991	-1.1961746520847492
15598	-1.1960920278992002
9845	-1.1958082400893433
626	-1.1956350010926922
918	-1.1955537715396567
3305	-1.1954234099522565
12574	-1.1952683140568257
10455	-1.1952596885724818
8673	-1.194992925838754
5388	-1.1948303741799646
1974	-1.1946444341024058
2608	-1.1946293451949985
8902	-1.1942295507233778
11605	-1.1939668317595649
13090	-1.1938900769402316
2826	-1.1931139183655228
13452	-1.1919744126417948
730	-1.1914679748700487
1781	-1.1913412560182925
14589	-1.190035709568883
1377	-1.1886303183890299
7881	-1.1881707862241282
11882	-1.1877710807423423
7830	-1.186902201875059
5500	-1.186411054458419
7453	-1.185531635762707
6544	-1.185501466552805
13860	-1.1852741767342414
10186	-1.1850404176390004
646	-1.1846022261918203
2084	-1.1835771941066302
15545	-1.182552957149508
6389	-1.1815484835359333
13492	-1.1813633230799516
2912	-1.181345324369668
10366	-1.1798823701437824
8275	-1.1797261031451056
9871	-1.1790515106921726
17575	-1.1786681651449378
15905	-1.1783842258357082
12609	-1.177868840630841
15177	-1.1772974926064559
13364	-1.1771545441210918
11948	-1.1759686862632697
10079	-1.1757651547301342
5342	-1.17527368480505
9144	-1.1750965309822068
12598	-1.1745216381903691
7195	-1.1744646693684353
7584	-1.1744240557400432
13932	-1.1739899973382057
11399	-1.1739228606859282
13143	-1.1736219374560755
12770	-1.1729237914930712
4321	-1.172632943183255
10038	-1.172195937230701
2614	-1.1721036066996309
11648	-1.1717878680144993
3915	-1.1716260856663512
4148	-1.1715587500461537
5898	-1.1711697309228604
9610	-1.1707463726456608
9597	-1.1705831889910308
11566	-1.1705679744503386
2331	-1.1697212268855355
1804	-1.169704498482302
8727	-1.1692289148648365
7648	-1.169000505799408
6350	-1.168991165606854
6270	-1.1678974813361125
321	-1.166062261299678
5179	-1.1653784415633877
14028	-1.1653669260093593
9382	-1.1648007529855084
4875	-1.1647302535663686
13297	-1.1635669688907941
7695	-1.1635021861766912
14300	-1.1622479776586874
6976	-1.1614186302457836
4531	-1.161008214803309
10235	-1.1607787255264572
5109	-1.1607391083924592
17238	-1.1602139735759671
12288	-1.160017691578694
3610	-1.1599781218765675
10069	-1.1588548085027337
6508	-1.1585868403529112
9817	-1.1578400938582456
17486	-1.156534736502629
13718	-1.1561611807549126
4121	-1.1559880450496978
5286	-1.1557409840094135
10858	-1.1555783509265802
13313	-1.1553529001918947
7350	-1.1550827377508497
6439	-1.1550194387965698
11886	-1.154680973096619
11668	-1.1539292691767153
12345	-1.1535947662121562
7237	-1.150767176251937
13116	-1.1504364782872656
4906	-1.1503862096486652
11494	-1.1502282734367106
8871	-1.149571911707131
11742	-1.1493242687485383
1337	-1.1491045668143163
14604	-1.1487644676724922
6454	-1.1484845550538487
4605	-1.1483962747343697
17332	-1.147980186429268
478	-1.1478549864452616
7845	-1.1476692077141766
10883	-1.1471716465219097
5506	-1.1469494619082934
10449	-1.1462385221865237
8488	-1.145454815851217
17304	-1.1454249637367748
11531	-1.144500871721071
8477	-1.1433115008321668
13266	-1.1424072133727095
14868	-1.1415927992577366
14804	-1.1412816271249582
11815	-1.1408094219402265
442	-1.1406296946314582
8338	-1.1404448422453841
12948	-1.139886179790718
7133	-1.1396158534977885
11885	-1.1396107081796618
11279	-1.1395126374181257
1521	-1.139191042777649
12242	-1.1381016966079414
6788	-1.1379626767059634
9075	-1.1379130758745395
3197	-1.137843089847417
9605	-1.1376974636151764
3908	-1.1372868688506843
8428	-1.1372610821943192
12642	-1.1372541073499725
12148	-1.1371563152310749
8947	-1.1367217691065952
12480	-1.136412925334541
9999	-1.1353961375266008
1505	-1.13489477387735
8651	-1.1345360233985429
11553	-1.133643944729871
2155	-1.1334400431181502
15319	-1.1322557489288105
9096	-1.1322343998709787
11376	-1.1322261015893134
8832	-1.1321899169993705
8964	-1.132023163440172
3266	-1.1313610395020344
6331	-1.1313542999658113
7427	-1.131315884806527
1545	-1.1312609258519717
6673	-1.130665488212813
8297	-1.1301226185074502
3750	-1.1297614591686582
13788	-1.1294574244335942
4744	-1.1277500740164081
5208	-1.1277344881533584
1239	-1.1273696678647998
8857	-1.1272571180555673
6286	-1.1271300806711941
10615	-1.1269185114618816
13151	-1.1260270848503666
9690	-1.1255281040458562
3196	-1.1253970986071218
10547	-1.1248637738333116
13931	-1.1244449353238624
5018	-1.1229795341059112
9728	-1.1228900210166135
14898	-1.122871231927102
13510	-1.1228276308558303
10692	-1.1220566476953653
11739	-1.1219421817419706
3991	-1.1218660083837027
14743	-1.1215849962104172
632	-1.120956301395735
4439	-1.1199522717596428
6047	-1.1197476990937862
7953	-1.1194913447198689
3900	-1.1193541162281784
18069	-1.1182497986412683
11240	-1.1181443152624801
11824	-1.1175289406195112
10660	-1.117379374170527
12078	-1.1170790461427762
13209	-1.1154646963932282
8893	-1.1153274673794058
5553	-1.1150785636841245
9964	-1.1149335622085732
13617	-1.114929373579782
9589	-1.1149209488651732
4800	-1.1149080291972575
13906	-1.1142561291805047
11627	-1.1141584171637262
6007	-1.1135124096595017
10864	-1.1133275403482357
11419	-1.1127586364352176
15121	-1.1123514748350278
12787	-1.1123473938506188
10229	-1.1122979834173634
11860	-1.1114106309600569
6929	-1.111398495367538
1763	-1.1112312499481027
12687	-1.1108972262844925
12558	-1.1106012358380075
11814	-1.1104407459414896
4560	-1.1102807587547645
8273	-1.1101021437733547
11820	-1.1099200775056086
3293	-1.1098617887685138
6641	-1.1090706858976198
11651	-1.1082108307294947
15398	-1.1081129357025477
12783	-1.107616186806802
11732	-1.1070187026811988
2280	-1.1069329543697304
8489	-1.1069011276666245
14292	-1.1067939619340805
7247	-1.1066420419889624
2016	-1.1066420354333926
4259	-1.1064842132907877
14220	-1.106242440171837
7697	-1.1057392947729072
16708	-1.1050254443718828
3268	-1.1046226859969774
8761	-1.1040102899801223
5242	-1.103819174282223
4757	-1.1036473819993113
14738	-1.103121515261977
13927	-1.1030186676574356
6853	-1.1028747054981756
14710	-1.102478484303657
2913	-1.1020961720085394
1383	-1.101800779221549
15149	-1.1015934212183336
2350	-1.101157781647838
10563	-1.1011151290819337
2625	-1.10098448478738
6906	-1.1005915180641397
2889	-1.100321475244772
2067	-1.1000449520409048
15198	-1.0989195134767225
13043	-1.0988409399243282
5851	-1.0986832614045972
10665	-1.098259121324945
7198	-1.0977323106500858
3031	-1.097147912901503
11397	-1.0968537922174117
8150	-1.0961520665453408
14177	-1.096043385520043
1576	-1.095949981447551
11557	-1.0957647236678196
11884	-1.0957447633689692
10286	-1.0940548527824778
13305	-1.0932368317775683
13420	-1.0930095100454713
13712	-1.0928595900616027
585	-1.0924667351749784
6087	-1.0924151890907752
4144	-1.091860235286288
10126	-1.0913416114225836
1904	-1.0913356435213353
14858	-1.0912345275615816
13956	-1.090845388147013
5720	-1.090667282941237
14392	-1.090553350925192
10681	-1.088622517232009
12299	-1.088466691734448
9342	-1.0880984950760169
9682	-1.0880693463959665
14146	-1.0879951818199238
14364	-1.0878252243489888
12244	-1.08733473427683
11574	-1.0872120961510314
12258	-1.086873879052104
4792	-1.0868256674185366
197	-1.0859824801480347
5356	-1.0859275069394547
5362	-1.0851670704694145
3585	-1.0840864938446406
5860	-1.083348438879831
4415	-1.083214614346157
6754	-1.0828035430033722
6274	-1.0824913137278087
14440	-1.082384592907006
5910	-1.082379992479317
12152	-1.0822000700915735
9089	-1.0820983714612606
177	-1.0813682300281744
12	-1.081265997501076
9443	-1.081173206196455
9029	-1.0805060599981746
11053	-1.0801027419121767
14432	-1.079949951689405
3899	-1.0792978112544993
14264	-1.0787616126986588
8147	-1.0782596735367382
5780	-1.0781537868775612
13698	-1.0780056712268458
6932	-1.0778983098863086
1524	-1.0774558861085939
2993	-1.077380615272843
11572	-1.0762190072713815
9233	-1.0759792682095466
4267	-1.0759139661870016
11947	-1.0753426896568263
10754	-1.0750490302803104
3345	-1.0739451475727935
15103	-1.0739100977284821
11275	-1.0732989843976688
11361	-1.0732856524084513
14399	-1.0732526183798403
6462	-1.0731530398706939
8066	-1.0729703886978277
15019	-1.072088517125565
12632	-1.0719897106864371
12581	-1.0714111673688786
862	-1.0709546596970547
14799	-1.0700200267344258
11599	-1.0698482444067672
6674	-1.0696317082899949
5155	-1.069363360958732
11802	-1.0693373843969691
10082	-1.0682705739533127
4863	-1.0678393512613213
7498	-1.0673519435769878
12004	-1.0669734201224923
4031	-1.0664489296952122
16033	-1.0663235126100363
3668	-1.0659513269373109
6300	-1.0658238418022483
9643	-1.065220870608856
851	-1.06509378487872
13677	-1.0632065073051522
12213	-1.0623720692952452
11711	-1.0615595336131687
9751	-1.0614743061921637
12846	-1.0606625042387179
8905	-1.0605134028406795
7365	-1.0603681521009434
9696	-1.0598344596042224
10651	-1.0596459177394044
11441	-1.0594771660093047
17313	-1.059384146701348
117	-1.0593732816438872
14098	-1.059293556459873
14599	-1.058893754644799
8028	-1.058887345466544
5854	-1.0582754708625053
8395	-1.0580639714843227
7829	-1.0579312086183306
11615	-1.057386098962505
9850	-1.0563031748881722
9828	-1.0544614915856103
4566	-1.0539585891437855
6460	-1.0539453158802181
7515	-1.0531139128761047
12816	-1.0526434302733667
9345	-1.0517645720464044
14445	-1.0515733532181961
8872	-1.050772169550394
6602	-1.0502049824233501
14539	-1.0498662706028756
6617	-1.04912640365679
13620	-1.048794944818263
6367	-1.0483057354115892
4884	-1.048252249991099
6757	-1.0482376621835376
2815	-1.047093557532406
7087	-1.0468277355780509
10327	-1.045512836323681
3838	-1.0449796752079352
2903	-1.043922511984415
9042	-1.0438303630736518
9874	-1.0436962628961972
14935	-1.0430950134737074
5730	-1.0430591193026306
1063	-1.042466169707316
3842	-1.041941948949627
1490	-1.0413034431364623
4911	-1.040475750234657
9865	-1.040425218930506
16465	-1.0403926392769078
4258	-1.0401169228518554
4568	-1.0394244056364637
1811	-1.0392881668639464
7936	-1.0383266318984359
823	-1.0382650676084522
9039	-1.0379670134194334
8483	-1.0370507491418828
3104	-1.0369965770143954
12891	-1.0355178372969145
10468	-1.0350353069459721
6796	-1.0346531649061748
12612	-1.0344268296383152
9590	-1.0335554021668727
11043	-1.0334605647871487
11880	-1.0330823625994454
1909	-1.033064925986551
11327	-1.0327060489308137
3507	-1.0325224127894863
4393	-1.0323362042802087
12965	-1.0318219663427806
8302	-1.0316460438221133
1421	-1.0313439624796847
9849	-1.0307148422832477
2377	-1.0302294186906007
5048	-1.0300717092991403
13087	-1.0297805837867853
6506	-1.029756016511938
786	-1.0296303899806132
11839	-1.0293708715178949
12096	-1.0285796485927357
6682	-1.0269524528558807
6934	-1.0262055851231946
13047	-1.0259836757942904
3058	-1.0258546388838625
7003	-1.0253237825817267
1785	-1.0251970698671484
8587	-1.0248402038218882
11028	-1.0246076212220097
6745	-1.0244081262147875
9593	-1.0243398948520523
13604	-1.0242527515215505
7707	-1.0239046372601799
16183	-1.0238279505883237
7531	-1.0232901863611388
689	-1.0231709672527074
7715	-1.0230660910093734
12203	-1.0230079591024377
11160	-1.0220752399455966
7654	-1.0219809828948538
5823	-1.021880197220967
7347	-1.0216942016432304
10752	-1.0209803688115342
2258	-1.0194204360940389
12169	-1.0193428752082252
7078	-1.018808241407856
16043	-1.0178658011319826
13535	-1.0175934444688395
11534	-1.0168943816714018
4698	-1.016828518894401
14078	-1.0157400956731415
9109	-1.0149212198734816
12486	-1.0145992672268742
8678	-1.0145899757921892
10814	-1.0144901622733153
7382	-1.0135674502614533
5812	-1.0134556974865219
13704	-1.013087280386559
11213	-1.0123167990476487
225	-1.0121559544999723
10045	-1.0118577628648382
8094	-1.0117974577629958
13218	-1.011729199850479
10117	-1.010791747939065
10562	-1.0103916753376254
8	-1.0103327006393734
6579	-1.0102754377502936
5046	-1.0102131174706577
2855	-1.0101849522561834
8486	-1.0094478117397785
12817	-1.0093755575084868
13460	-1.0090601503618912
9852	-1.0090263020178154
7998	-1.0072910548972482
4078	-1.0071423836637234
9583	-1.0060348010086313
11691	-1.0056723015742972
1043	-1.0051962775936727
12424	-1.0050547134100911
1407	-1.003668602943842
13519	-1.0035692614891256
8359	-1.003350904563996
11687	-1.003282436657265
14550	-1.0031632609635528
5606	-1.0028112651884726
8165	-1.0022861841791664
355	-1.0019075293393302
11795	-1.001809415553195
1780	-1.0010293857590884
12065	-1.0005530543326986
4133	-1.0003758912070555
