767
1312
1692
554
1329
3999
2938
6912
422
1660
2049
6003
2421
419
9254
3650
1310
10340
9004
1331
8681
1539
9305
3976
196
1571
1138
883
1328
7390
1617
236
136
2986
5432
17
15
610
3143
8822
7
9072
6556
1852
867
3056
572
1179
737
248
3535
256
8605
5036
5862
538
8758
4948
503
558
3797
6920
2972
1593
8526
8325
11850
1186
8643
4656
4200
8669
11936
2668
3624
1499
4548
5946
4678
1663
2738
195
2779
2752
3347
2786
1020
3714
189
6664
1192
3938
10926
6001
2884
4248
4447
3337
3011
5068
1515
3438
1632
1319
3361
2992
8308
6706
3207
10919
11211
10666
2431
9673
2175
4767
927
2554
2090
682
1965
5692
4352
7107
5256
1459
9034
11346
9646
6512
222
2763
6100
8515
1042
8209
4915
439
6394
7103
372
364
2566
391
911
7631
1167
11129
2788
135
3875
8855
6847
11000
5939
5640
10962
5623
344
2078
11336
8122
4521
8623
155
4191
7463
10987
1581
8657
10521
8866
1782
8429
4425
5754
5022
1437
5742
5601
6692
9055
4492
4727
192
1649
1896
2462
4047
105
2246
3978
9255
2306
3282
11274
4349
1715
6679
1444
2039
238
718
10510
5884
1588
1449
4996
1419
3682
4087
3631
10471
8606
6910
2011
4480
9658
5110
11162
2096
4095
12374
11837
1374
11673
1290
12765
6106
4776
9889
3132
8267
1302
2025
12047
2866
12700
2243
12904
11696
4644
7188
5377
5081
9961
7860
451
6306
4646
5691
11422
917
4111
9600
8404
6634
3564
1869
109
6594
5317
3866
8179
2198
5133
5973
1684
2053
315
11811
1972
6610
4131
3089
7632
7408
7980
739
1509
2521
1413
7512
6825
1003
5844
33
1322
8911
8770
3616
9586
1244
6168
2473
4881
12873
14387
1645
3948
4368
5771
703
2634
11904
7205
548
497
14250
4693
2584
7147
6078
1529
186
5292
8436
417
1401
12131
10019
6978
3856
5480
2698
639
5168
2559
704
4300
1288
8412
1634
5555
13960
3210
6525
1997
8981
6507
11174
290
7366
3729
978
2380
1295
2753
6122
6266
5279
1040
10786
9638
8928
3405
1423
4758
2010
5478
3444
13035
6104
11508
581
10466
1825
4075
570
10378
2954
4170
5277
4849
2632
6321
8746
5915
224
7805
8364
5804
3264
126
7755
7844
2978
2317
3627
11958
12022
4513
3529
2660
4301
2013
6203
4328
3656
99
6178
9535
5030
5717
7713
1845
6791
9893
10323
7942
4929
12136
9294
8444
5751
2518
11912
4489
7842
8089
7597
15106
181
4457
15607
539
9944
9200
11370
5400
2189
8106
10491
12166
9084
5782
2315
3129
1867
5229
4166
8677
13721
8024
12114
3431
6491
8166
3869
6124
8825
8885
1994
2330
8193
3219
7543
697
13469
1627
10002
3709
4140
9825
7652
8991
9973
14637
13980
410
13951
1597
9223
3918
11192
2448
10227
1526
9164
10840
5517
8462
12416
1589
3238
6821
3137
7435
4876
10303
4220
956
15693
1762
2211
2867
1672
4126
1247
13613
7906
12512
3102
2680
4264
4059
7807
289
15925
529
14517
12851
9331
8534
8289
9424
9563
12441
3737
1037
5740
12372
6936
10583
2498
6761
3681
5890
7790
1416
595
1098
4097
2591
14257
10717
4464
11719
12228
281
8613
2857
11239
14403
14662
7275
3061
9379
130
16512
11295
12343
13168
16111
2834
6136
5920
8007
10212
6547
11967
7174
847
2437
1278
1171
10796
2500
13274
14722
16675
9095
10668
2790
9482
198
3598
9669
3258
3222
10500
12035
2253
10627
3116
5199
3292
8113
14369
4981
6993
1228
8431
4983
2347
3965
10023
6467
10238
1064
2482
6233
5184
8145
11179
7986
6008
3202
9186
3533
4077
3158
5120
6386
3663
13029
3094
5271
13490
4848
16258
3592
6863
2131
11635
14749
6603
7007
7499
30
6858
10222
12583
12251
12411
2112
4442
6035
7673
10590
4210
11578
5032
2833
5180
14553
9866
9489
464
10338
4044
5957
2076
395
10635
9621
10676
7171
616
12655
9777
957
13834
10971
1226
5002
7589
3996
2378
12111
7795
1134
4571
5904
12680
1137
897
10198
4827
13062
14892
13241
2580
12728
1489
10356
11247
8682
9228
6729
5649
2935
323
457
3558
5142
13306
19290
6524
579
7656
10315
1970
13855
2284
3745
1330
12264
4344
3963
9726
188
2228
9875
3764
2502
10952
10526
782
9698
4587
10156
671
7360
4168
11425
3
11065
3824
4459
8457
2399
7400
11362
12597
12689
9552
6940
9488
2214
6194
8019
8396
685
1339
4245
14438
10005
2071
13075
5581
4364
5978
10106
3614
1144
3133
7861
3664
12392
5539
2557
14771
5278
5276
4794
13472
13064
8026
2123
4707
3952
9932
1087
5421
9931
5033
3497
2406
9688
10990
12625
14610
15984
6062
16301
14232
12823
233
16565
6702
8454
8694
9667
2739
12514
1381
328
6351
2353
8511
1095
6510
12909
11633
9043
5631
5378
10645
5936
5636
9851
13176
17648
12472
11530
11489
14274
3666
9215
2237
500
15094
13696
9401
14363
7629
16251
10032
4713
15662
15420
13002
2018
13265
11922
2670
4064
13593
6974
9975
16778
11859
2143
6297
12982
11613
673
11751
5050
16702
8324
11495
9591
606
17235
2227
624
436
7473
7762
4937
2120
11418
6107
10358
9785
3445
8729
9564
10655
13681
18037
14197
11503
2006
603
12180
9575
13595
8419
10129
10395
234
2343
6061
5951
11987
14927
7910
13772
7566
2326
14419
1874
8655
10488
11409
4115
7464
7206
10951
10057
3917
8269
2751
5338
10433
1216
3288
905
7026
1796
9377
9056
13886
12930
1765
12259
3400
6564
4383
10875
16184
8577
11228
13903
4068
1929
11932
4288
8331
8205
13027
6979
3642
2819
139
1986
494
10081
15289
13254
11151
16310
11204
3955
10755
10015
10197
7759
5210
6595
2141
3065
9665
6812
18452
13348
3228
5837
11236
15143
14923
16354
6957
8196
8260
4135
13757
5528
12338
7682
2803
5443
5459
172
3906
10018
1749
14396
15160
8032
9930
2222
9500
5289
8997
4578
4303
8427
6961
8157
2877
1756
3077
7058
3277
6067
6559
11343
11347
14521
9293
9187
3588
3693
7642
3423
5363
1473
3901
14062
3967
9347
5216
12958
8367
1170
7905
12310
5575
4238
5262
10758
2772
7826
6111
6019
12120
696
9539
690
20684
12524
2043
2106
18010
5997
11452
14632
16498
10361
13295
8116
4532
9103
3117
5858
1717
6614
13988
9876
15974
10151
11178
8043
1462
11614
8071
7681
4717
1958
8899
6215
21086
433
4809
9945
11169
6736
6268
11979
4450
13918
4180
6880
8423
14
6722
9792
11734
10576
8998
6076
985
17232
12124
9561
11757
5974
7381
4311
8039
3204
4580
6948
9879
9754
4734
1165
2552
17302
1021
1985
1368
6068
3759
10756
7004
6052
7496
9413
7997
1097
14932
7110
8965
1843
7929
10084
13773
9844
802
18938
10719
32
9727
14990
12248
15864
10337
4455
4917
8935
5604
9546
9743
9155
7033
5176
13171
3017
17794
1916
8667
7912
4440
6360
5115
5655
797
14398
8235
3718
13192
10932
16691
13947
9790
2741
17982
2121
9497
11855
13325
5254
9430
1747
7843
2987
13415
6249
10519
14166
8797
4358
4675
8512
1434
11669
12452
14682
20106
17202
7502
6829
4206
11206
11349
8952
16391
5914
8197
2115
8475
1930
10047
2263
10274
8012
5014
7689
15005
9798
2729
8539
14782
6843
8206
7387
441
11647
11130
19234
2144
2187
4022
259
1743
5728
10923
4401
6613
20861
4315
4597
51
9105
953
12083
3215
10587
2114
2645
8101
4080
17399
3765
2997
658
16264
6581
4520
18801
4645
11488
5852
16423
5794
8117
12373
2659
11849
2095
3810
15006
5235
12702
18045
4599
2099
8528
18600
15217
6850
3786
11388
12067
16463
3694
7638
14792
13520
913
13162
11182
14842
16441
8914
7034
15870
1981
303
577
9900
1340
12168
9994
12957
3586
21386
5117
18308
7981
11098
6933
3141
7442
2802
18407
7075
14846
5164
1324
8455
8340
16333
2943
6232
16237
8238
19724
11190
17093
14992
9956
10586
5255
2111
13646
13640
17435
4056
6967
3273
4428
1433
15951
5082
2850
11401
9596
10407
1482
5607
121
12298
7567
12950
16505
3308
12889
17054
1316
1838
5166
12048
8461
7660
5207
12247
10139
6975
3366
569
13221
2493
1777
5665
15834
5121
11513
1644
19148
3743
8531
11509
6130
2283
10439
12931
9704
8525
18889
1394
4076
18546
7862
4524
984
6708
11016
4012
9213
6533
4
5383
12794
4299
8793
8135
2801
11891
512
8003
1925
13874
15767
14165
13414
5609
17185
13522
4665
1323
2865
7684
9378
10776
7604
11857
6283
4895
13628
16922
7113
10190
18076
12069
14104
2098
17503
14448
3115
14874
6763
12962
5534
9807
6831
15310
4265
59
9763
12913
12643
1073
11443
9231
15774
8642
7517
12533
1083
15391
14157
5373
299
14742
2598
14784
16322
11834
8279
12911
10270
10412
14193
1800
15801
18885
12275
6818
7598
5468
1552
5845
1301
1900
14904
1711
15996
12308
6059
210
4556
8443
7038
8704
4654
17533
2130
3760
17904
13371
13432
8849
14319
8484
15918
8556
4114
18371
11056
11453
16413
6031
14345
6852
15616
237
1638
630
10181
1477
11634
19028
1376
9508
18902
9647
15670
15290
9422
1912
4230
7158
12182
8187
9050
7488
9701
8418
3508
745
16479
2538
11736
10072
2080
9748
11675
16909
18487
13853
11090
8232
11326
4452
7731
1397
18211
9613
9297
4932
1178
14817
10738
16155
10004
877
21994
4235
590
13140
6182
13433
13638
10837
6660
8381
18008
12964
2319
14515
2064
6688
6476
1731
18749
3368
6638
11423
2706
8701
12584
16347
4780
1594
6687
104
13771
7422
16615
10567
9867
3155
12123
9980
9559
12262
14464
96
18757
1884
213
13746
7146
12863
3183
7492
18508
22054
110
14791
14279
6894
3002
4936
19013
15388
9937
10180
1366
4974
21219
5834
6002
14684
7054
9338
18884
12620
22101
322
9340
2425
10826
13805
13826
10574
12905
19990
15809
11456
15501
8921
10724
4910
5961
10710
14965
1629
612
13350
2844
868
17921
18204
8397
11475
10905
11449
8250
2026
5264
14057
13404
6624
10297
542
6584
4482
8656
15212
3513
986
8953
13621
6715
12685
12193
13224
2196
16649
1193
2034
14665
13759
8036
19335
7536
5494
12949
13293
11059
17144
8616
6374
14008
13416
11079
21512
3035
1220
10318
60
1736
14383
2673
9721
9812
12793
3599
13650
14851
8886
13514
10383
1497
74
10766
18040
14149
6717
17569
3936
17335
10329
10194
18423
2622
20878
13068
14196
1142
5260
7053
11220
5122
8782
3476
21130
133
16874
16092
16316
7417
2983
16542
15680
4081
12869
11575
11957
618
4152
9524
7286
7269
14918
10976
562
14470
4537
5224
19788
11415
20172
12108
3591
15454
9831
14342
8583
14630
10147
20407
18414
19062
14609
1502
14083
6551
9664
16698
16273
8114
13378
19749
2770
1885
6905
11617
143
8354
3602
5134
7797
2672
7011
15461
19066
6024
3042
21235
17889
17641
19454
4737
12012
7019
14426
11526
11735
7827
14579
12283
8707
13206
17305
9881
11776
11003
2365
3269
7475
15934
12427
12894
12836
15228
16638
5367
14036
17894
2813
10830
16717
6785
12295
6721
16071
7282
7646
11676
18926
2392
14255
14693
16042
15072
202
7965
20069
8632
13955
20282
18539
8585
7579
5566
14251
9078
11550
17268
18459
6851
3118
18770
4045
511
3078
10237
6567
14252
13668
20316
14269
18922
16523
5750
12170
24604
14598
2040
546
15402
10289
14674
14245
16878
2091
15904
4724
13898
384
2147
71
11980
9479
16387
13542
11561
5009
16901
17893
5079
15859
3783
5744
12377
2616
14113
5618
11938
9162
10698
6388
16995
20806
1726
8590
4719
12150
11512
1320
17196
11435
18090
21708
16220
13108
7728
2749
15504
20915
12758
9977
10077
13290
6718
19270
17223
15163
6385
18714
9217
13500
17990
9801
9640
6750
14511
11565
15610
4939
13899
13438
20356
15096
16759
7309
10208
17243
42
19112
10309
11448
7918
7375
14414
14030
16829
9495
13699
16530
6655
21388
15566
16306
5962
18769
12792
3660
17530
1108
11784
22044
8765
12504
13703
3169
13902
1045
18070
9861
16801
14386
16667
17408
1252
7486
12255
10381
10233
12710
20859
11474
13196
4676
12234
16570
13042
9892
15936
12824
17760
12354
10353
11610
18087
6990
12534
12592
14748
13341
16629
9131
10894
14462
20210
15419
14718
17098
22089
11731
16450
9946
21839
17296
17868
16641
21343
14223
13790
4923
16997
15478
14525
18393
15708
