7455
6896
6433
2208
8916
2268
8129
3030
11138
1298
2299
5572
10848
6573
6949
4298
3942
1545
454
2650
601
6358
2250
2407
2869
9574
9776
11720
10684
6982
806
9789
5622
9806
1780
359
1490
1508
11257
10720
4333
2608
7736
7898
5410
177
9204
4360
1383
8990
7331
730
11147
632
6056
8523
5666
9775
5797
9296
3838
813
4366
4538
5300
9906
6963
8999
225
1403
7633
9117
7758
2826
6895
5252
9453
11439
10481
442
6822
3197
10277
8678
10753
12544
5553
7773
4439
5055
5842
8983
10402
9609
8544
4792
284
11112
11689
7618
12822
5702
7402
10386
4133
9794
12809
9373
7224
3899
9466
10185
12
8495
3762
10849
6585
2084
9135
8133
7395
6704
7781
5495
5780
12014
8784
5401
8
5411
4004
13228
8297
7448
9075
7240
6652
9
5506
5648
3041
10863
6686
12429
10881
7639
11993
9001
7398
3799
2560
3621
11590
2771
13870
11267
10467
12407
8938
8837
9435
7561
11917
324
11
6200
8502
10267
5028
7469
8074
5910
3578
2280
14195
3742
8617
13005
689
6201
8542
10799
4148
9010
9605
8278
7913
8488
2256
6367
9542
10764
6641
6786
2934
6108
12043
8996
8622
6486
11892
8545
7341
1239
8275
7032
10169
141
11653
12220
10556
5811
7585
11529
12445
1888
11648
9493
8934
6683
8920
2836
1399
13916
4280
3679
10877
11102
11404
11292
8141
10878
11393
7133
10234
9229
10568
13819
8638
7845
13708
7729
9459
11416
13399
10313
11777
823
9272
12515
6955
9874
10940
9209
5606
10601
7836
8620
3237
7839
4031
786
1585
9554
10324
5298
9682
13818
12186
4372
12881
11997
9725
862
9870
5247
8905
9345
8118
11232
6841
5812
11571
8760
8640
9558
10997
3761
10013
11920
3518
4820
869
7648
6788
14236
6743
4800
12402
6439
6270
12456
12841
10847
9051
11357
8111
6300
11231
11661
8840
7881
1133
14972
8844
10296
11580
13139
9593
6352
9760
7106
12393
10114
6853
11692
8293
2476
4892
11340
12893
585
13085
11562
11137
937
3842
3785
10440
10515
6916
9224
11125
5423
6189
7445
11467
9531
9311
7679
3668
9194
2532
7382
11621
1059
7198
6696
12054
5482
13344
6617
9845
14751
7983
2767
11087
7778
9111
14209
7788
14899
14450
2912
6555
4393
10722
5522
6861
11283
10095
11694
2625
12506
13177
3060
13222
8717
12602
4899
1385
2733
3957
9826
8025
9828
6776
12098
6330
10761
14081
11210
12626
7715
14378
10804
8395
5372
8480
7327
13723
5042
3834
12370
8932
11664
10898
11334
4145
11049
12813
9225
8067
12763
11457
16636
14828
11199
10027
7459
13889
5746
7371
6460
8347
13838
9781
10039
15540
11445
8064
8893
9797
12743
10778
9074
11517
9606
9765
13175
8901
5860
7021
889
13039
12616
7003
5307
13424
13741
12767
13417
9787
7462
11396
12080
12978
11718
11619
5720
9206
9702
12730
10699
4573
10611
1718
2889
13809
1265
10695
12658
16023
1785
10834
8596
1926
9731
11421
6971
9113
12784
11800
13396
52
5296
6454
7949
6670
9106
4506
11165
14225
3001
10681
9110
2067
9984
10727
10642
3585
10688
10752
14810
16136
7218
7409
8231
9048
10868
3266
7871
6393
12588
12013
8342
10604
9003
9678
17073
13513
12161
9675
13080
5388
9376
5940
11163
3104
1974
6513
11406
9737
8375
10988
10941
2
1481
15041
1909
4165
9038
10633
13921
9711
10150
5854
9736
5535
8469
11510
17362
9342
11995
12542
6934
11432
6914
14048
10239
11082
10765
14283
4568
13867
14618
4851
6731
12206
7515
13090
13720
12410
11772
10788
11793
9782
851
11104
7794
10862
4757
15576
13066
8691
5342
10934
6893
9520
13665
8096
15617
10366
8871
7396
11072
13869
6354
5809
14391
8336
197
14876
5942
11729
10098
9161
4560
4542
10268
11235
9730
14666
12569
7855
9597
4875
3507
8796
2176
10612
8460
8569
7829
8798
5851
4462
14727
1254
9836
8587
10692
15021
9169
13516
13841
9858
9089
10339
10245
13562
9751
11528
13622
14737
13007
2155
9582
13896
7998
3196
8816
13359
9568
7467
7506
5018
8703
5155
6757
14318
15171
13565
10286
10186
10334
3281
7431
9896
3854
8424
10679
10563
13017
2861
8943
336
8156
1183
9077
321
7952
12303
11022
4566
15180
9532
9573
13101
13456
3031
10079
8774
9301
9147
12935
13566
13275
4609
9008
11909
6286
10279
4073
5243
12342
12442
10759
5753
10570
9257
12543
11483
10815
11480
12056
6663
3375
11518
14071
13376
16440
14045
5242
12345
14384
11951
1763
16858
13057
11758
9109
4783
4474
12059
8147
11424
12829
15059
1524
2674
15353
13450
15046
10272
11379
15144
4144
10682
9925
13897
11716
15745
8483
10152
16357
11014
11525
8273
13791
13328
15458
5329
13410
8516
15134
12781
346
15135
10552
8845
15453
14672
3512
8791
11506
14852
4911
12148
10591
15087
11504
8872
15383
11820
11599
11048
9816
4258
7946
11205
12529
6255
14900
11355
10075
9643
12617
8806
12585
11522
19609
13651
14003
18026
13110
6796
3345
15866
7399
10406
11640
4945
13657
2016
2808
5507
49
9920
5924
7347
14646
12929
12615
11925
15850
11441
78
12796
1992
9486
9905
9850
10618
15223
1421
6942
2377
3753
9732
6794
13030
12397
12462
646
5898
15221
11373
11826
16404
6261
12488
10867
7697
16021
11075
2350
14973
12995
10805
1755
7874
14741
12096
13625
4384
12287
14007
9890
9799
7830
11879
9136
9173
14819
11795
10544
10858
10793
3268
4863
10864
8948
8795
17747
11714
12169
3991
4121
1693
13245
12768
17224
9030
11840
4605
11824
6285
15470
12278
9788
16510
4321
13508
5525
1337
6987
11376
1804
9266
7584
12819
17151
14056
11184
9276
12567
15370
878
11086
12566
11466
5362
17007
5513
8406
10415
10977
8570
8449
13594
13928
13590
14478
13887
16616
13413
10258
14459
15876
13393
17293
15795
11984
16121
7350
8937
8094
10810
15624
14538
5556
11982
3740
10838
13663
9528
13471
6153
8722
3610
7740
10648
11667
12707
3900
7531
9133
8365
5823
13753
11992
2913
14989
11677
3908
14297
8165
13058
15192
5169
12359
8727
16187
9029
15042
9449
13993
10436
15417
526
9619
8428
14968
5727
3293
11902
17849
1377
4657
10827
13754
14836
7695
15865
10130
16194
11672
7439
14299
8676
2149
9382
13769
13122
16635
15755
9990
10069
13666
5109
10388
6544
13044
8947
12770
5004
10410
5286
11803
3708
2614
9025
4070
11668
3547
18861
9244
17343
1063
13675
3073
4764
14993
15557
13998
14351
10321
7775
12110
10240
11193
13351
15524
7521
11050
12666
10264
14173
2903
11615
11969
13443
16880
9610
15943
9594
12619
11886
7806
10762
5708
14415
12460
15523
15247
6602
10345
3521
14634
127
10042
4549
10638
6099
9303
6274
5162
13121
15304
7953
11839
13011
6256
7877
6528
8574
4531
13511
8477
12553
12178
16228
16764
13817
9251
11907
14219
9987
18567
4324
18198
10372
12077
13249
11703
13123
9602
11853
13156
6087
1279
7908
10288
16421
14174
6163
12078
14761
12493
16689
1521
10562
4374
16003
14226
8673
9696
10368
8009
14636
14546
15437
11815
15498
5048
14793
1781
13524
14262
13866
6906
15933
6047
15279
16624
6724
15118
117
478
14643
10665
9753
4612
14926
4426
15728
15862
4852
4136
6665
9590
13709
13959
7583
7087
18895
20690
14416
3504
11732
14597
12486
12467
12887
13606
17492
14958
18634
1043
14755
7458
8359
17051
5470
16447
13051
21794
16810
2993
7635
16096
10394
15258
6576
7707
14767
19447
15914
18512
9039
16006
626
1904
17818
5784
15386
14456
5046
13596
13482
11885
6976
9031
3320
17227
1224
7627
9783
15063
12017
12919
19634
11069
16758
4613
10229
14238
18686
10201
11607
6902
7323
12946
11864
12379
11034
1106
15798
14118
6929
16065
13782
8302
11331
11279
12244
9394
13961
16242
9263
15724
11042
2331
16500
13738
6807
17316
12398
12678
1505
15826
14018
17126
4906
13069
9134
11872
16408
10117
11543
18218
11934
16261
9865
14146
12254
11012
9357
9585
7247
7851
15897
12360
12532
16133
12329
14422
18412
14208
7427
11089
16431
9344
15414
8857
15890
20543
6674
15849
14376
12453
14429
14432
14170
6508
11238
13492
10327
14020
14147
10282
4259
17308
11158
14446
14675
18751
11651
13648
10814
15743
8056
5632
17178
6362
15968
7195
8902
19695
12302
7288
11419
7884
8888
5954
6845
11605
8489
9233
10235
14215
6579
14938
12346
12258
8105
18047
6451
13931
15823
6682
14766
11875
11271
9766
9042
15080
3305
11950
14043
6506
12775
7901
11202
14035
12902
13364
12574
10754
15564
16606
5017
14175
14752
12646
1576
11827
12104
15028
12364
12490
16973
15201
17562
10577
18502
15741
4744
10850
12992
9329
16750
8870
10615
10082
16467
18619
335
20436
11213
918
14731
13652
14747
12152
12907
1182
15612
16243
15274
10045
17064
17570
19472
13475
21739
15315
18352
4698
13427
9300
11739
10455
7702
16690
11557
13219
355
19206
13459
13305
14370
12780
10883
17734
14356
16432
9275
3139
1875
13444
14139
19173
6932
14764
6389
12650
5500
12771
16371
9589
1407
16938
14075
10547
7440
15732
13808
19014
11566
11802
8761
12895
14428
6673
13803
15674
9690
12105
14530
11122
16823
7792
9469
6322
15972
9964
11691
13603
9728
15109
11553
10504
14222
17854
21840
14479
12642
16569
14004
10933
6864
15158
14154
12776
10660
6489
16315
13018
18637
14708
16274
11814
14437
16532
14028
14971
16835
5810
11177
12242
16361
12505
18543
15056
14581
12580
17949
15272
13239
16470
15874
13581
14879
14098
15961
16493
18134
17136
13499
5730
13588
15147
15580
17915
17688
2258
8651
19019
12430
19804
7498
13989
14259
19708
13209
17932
14777
13751
16879
9817
15179
9849
12007
11652
15248
19360
11627
13519
16562
11305
16090
7237
10994
19654
18379
12799
12948
15924
14212
13169
11860
13823
17026
18068
17137
12174
13919
16160
16355
5179
17390
14046
19037
13906
6458
11792
18307
11028
13612
15292
15322
9921
23114
5208
5889
6754
13063
15545
16062
14026
16126
6350
15805
11960
22795
11391
13958
15927
13770
12367
9735
6069
19912
11037
12598
20548
12509
10651
17521
18605
19216
12213
5167
13207
3915
9999
16729
14574
13434
9443
8066
14103
17707
13357
7008
15894
10449
16135
18960
12890
12413
16628
15390
13698
14017
12609
12570
16064
22856
17134
13510
14137
16747
16678
13882
15539
8530
12787
7936
17769
12065
16705
15672
15937
15768
13486
12215
12286
8964
12558
11314
13844
18633
14575
15510
11397
3750
14088
15721
16811
9852
14091
2722
21706
19955
12924
11450
13735
8922
8338
12371
18231
6477
13620
9871
12436
12203
14759
10188
18210
16162
13143
16098
17715
12288
11490
7654
13218
10126
18862
15947
12581
16492
15967
8529
14049
21377
14499
17608
18380
8471
6007
12816
20065
11534
15532
15364
6331
14686
16859
16081
6462
15700
19757
17445
18461
15699
5356
22423
10167
9517
14519
10038
15598
11327
14325
18106
17019
18356
18208
19094
16472
11882
16344
20144
18556
16478
7365
7078
11880
16660
14121
15860
14381
13087
15335
13604
16617
16002
17500
15460
10468
18867
16047
18690
8301
14743
11884
18841
16132
11572
12458
8486
14335
19839
21262
18534
11275
11687
13204
17105
9144
17612
17382
16610
15833
16420
11033
18375
18111
18055
13116
2855
18614
18777
16950
17529
4078
17303
10463
15267
14095
14524
15164
22475
4884
13630
16579
7864
17962
18905
14305
14264
21617
2815
16721
11494
17413
8150
17472
13712
18323
22193
21667
16210
15645
13677
13151
8832
4415
15103
21114
1811
8085
16634
13452
14946
15929
18223
14300
19276
15821
14198
8028
16929
14710
13442
17619
16245
11854
16916
17643
13927
19180
13384
17174
15480
11711
15691
12118
11160
13172
17398
15117
17047
15718
12640
21043
16303
17453
11043
14589
16707
9639
11948
15895
18140
6745
15873
16169
7453
15291
14738
9583
3058
14399
14506
14604
11531
17022
15522
12480
13932
12612
20567
20540
17469
18288
11947
15868
20546
19784
16031
20609
14799
12424
17168
18588
19509
14135
16439
15502
17852
9642
19171
13795
15838
11240
16871
19267
17930
14364
15344
13342
13460
15319
17532
16407
21448
17668
15677
17864
14518
15840
13266
19152
19595
12004
16293
16779
11742
19011
15082
12144
16183
13405
14539
9332
17029
16474
21287
13470
13297
15723
16661
11399
16484
16503
16970
18363
15930
19935
14434
13420
19653
17621
12965
14435
18976
18882
13523
20491
17486
18657
19517
22110
22285
12387
16044
14550
12850
14292
17167
20078
11574
14177
18295
16317
17188
17081
17575
17409
17344
15016
12632
18145
17175
18851
14804
13535
17304
15177
13617
16130
17313
15647
14868
14161
12783
19373
17615
13718
12817
18278
18192
17626
17651
18554
12641
18437
19388
17332
15019
15976
14324
23865
15759
18484
16159
16120
19633
14898
16986
17477
4267
9096
12687
16445
13788
13956
22129
16465
15729
14935
15121
15198
18910
21910
17238
14698
13313
13860
18069
14220
18325
11053
21357
16708
12991
18562
16418
18595
16147
16659
16609
20988
17913
19449
19182
15905
18003
15398
12846
15550
15578
16033
16568
10957
14858
14599
18173
22387
13047
12299
15716
14078
15825
11361
19326
17474
16043
19602
16894
16630
20863
14445
17857
17596
18544
20086
18351
18975
15149
19879
12891
17553
16384
15793
17605
13043
17592
21490
13704
17848
16331
18739
18328
19496
18732
14440
14392
20809
