767
1312
1692
554
1329
3999
2938
6912
422
1660
2049
6003
2421
419
9254
3650
1310
10340
9004
1331
8681
1539
9305
3976
7455
196
1571
1138
883
1328
7390
1617
6896
6433
236
136
2986
5432
17
15
610
3143
8822
7
9072
6556
1852
867
2208
8916
3056
572
1179
737
2268
248
3535
8129
256
8605
3030
5036
11138
1298
5862
538
8758
2299
4948
503
558
3797
6920
2972
1593
8526
5572
10848
8325
11850
1186
6573
8643
4656
4200
8669
11936
2668
6949
4298
3624
1499
4548
5946
4678
1663
2738
195
2779
3942
1545
454
2752
3347
2786
1020
3714
189
2650
6664
1192
3938
10926
601
6001
2884
4248
6358
4447
3337
2250
3011
5068
1515
3438
2407
1632
1319
3361
2992
8308
6706
3207
10919
11211
10666
2431
9673
2175
4767
927
2554
2090
682
1965
2869
9574
9776
11720
5692
4352
7107
5256
1459
9034
10684
11346
9646
6982
6512
806
222
2763
6100
8515
1042
8209
4915
9789
439
6394
5622
7103
372
364
2566
9806
391
1780
911
7631
1167
359
1490
11129
1508
2788
11257
10720
135
3875
8855
6847
11000
5939
5640
10962
5623
344
4333
2078
2608
7736
11336
7898
5410
8122
177
4521
8623
9204
155
4360
4191
7463
10987
1581
8657
10521
8866
1782
8429
4425
5754
5022
1437
5742
5601
6692
1383
8990
9055
4492
4727
192
7331
730
11147
1649
1896
2462
632
6056
4047
105
2246
8523
5666
9775
3978
5797
9296
9255
2306
3838
813
4366
3282
4538
11274
5300
9906
4349
1715
6679
1444
2039
238
718
10510
5884
6963
1588
8999
1449
225
1403
4996
1419
7633
3682
4087
3631
10471
8606
6910
2011
4480
9658
5110
11162
2096
4095
12374
11837
1374
11673
1290
12765
6106
4776
9117
7758
9889
3132
2826
8267
1302
6895
2025
5252
12047
9453
11439
2866
10481
12700
442
6822
2243
3197
10277
8678
12904
11696
4644
7188
10753
5377
12544
5553
5081
7773
9961
7860
4439
5055
451
6306
4646
5842
8983
5691
10402
11422
917
4111
9600
9609
8404
6634
8544
3564
1869
4792
109
6594
5317
284
3866
11112
11689
7618
12822
5702
8179
2198
5133
5973
7402
1684
10386
4133
2053
315
11811
1972
9794
12809
9373
7224
3899
6610
9466
10185
4131
12
3089
8495
7632
3762
7408
7980
10849
6585
2084
9135
739
1509
2521
1413
8133
7512
6825
7395
1003
6704
5844
33
7781
1322
5495
8911
8770
3616
9586
1244
5780
12014
8784
5401
6168
8
5411
2473
4881
12873
14387
1645
3948
4004
4368
5771
703
2634
13228
8297
11904
7448
9075
7205
548
497
7240
14250
4693
6652
9
5506
2584
7147
6078
5648
1529
3041
186
5292
8436
10863
417
1401
12131
6686
12429
10019
10881
6978
3856
5480
7639
11993
2698
9001
639
7398
3799
5168
2559
704
2560
4300
3621
1288
8412
11590
2771
1634
5555
13960
3210
6525
1997
8981
13870
6507
11174
290
7366
11267
3729
10467
978
12407
8938
2380
1295
2753
6122
6266
5279
1040
8837
9435
7561
10786
11917
324
9638
11
8928
3405
6200
1423
8502
4758
2010
5478
10267
3444
5028
13035
6104
7469
11508
581
8074
10466
5910
1825
4075
570
3578
10378
2280
2954
4170
14195
5277
4849
3742
2632
8617
6321
13005
689
8746
5915
224
6201
8542
7805
8364
5804
10799
4148
9010
3264
9605
126
7755
8278
7844
7913
2978
8488
2256
6367
2317
3627
9542
11958
12022
4513
3529
2660
10764
6641
6786
4301
2934
6108
12043
2013
6203
8996
4328
3656
8622
99
6178
9535
5030
5717
7713
6486
1845
6791
11892
9893
8545
7341
1239
8275
10323
7032
7942
4929
10169
12136
141
11653
12220
10556
9294
8444
5811
5751
7585
2518
11529
11912
4489
7842
12445
8089
7597
15106
1888
11648
9493
8934
181
4457
6683
8920
2836
15607
1399
539
13916
4280
9944
9200
11370
3679
10877
11102
11404
11292
8141
10878
5400
2189
8106
11393
7133
10491
10234
12166
9229
10568
13819
8638
9084
5782
2315
3129
1867
7845
5229
13708
7729
9459
11416
13399
10313
4166
11777
823
9272
12515
6955
8677
13721
9874
8024
12114
3431
10940
6491
8166
9209
3869
5606
10601
6124
8825
7836
8620
8885
1994
2330
3237
7839
8193
3219
4031
786
1585
9554
10324
5298
9682
7543
13818
12186
697
13469
1627
4372
10002
12881
3709
4140
11997
9725
862
9870
5247
9825
7652
8991
9973
8905
14637
9345
8118
11232
13980
410
13951
6841
5812
1597
9223
3918
11192
2448
10227
1526
9164
11571
10840
5517
8760
8462
8640
9558
10997
3761
12416
1589
10013
11920
3518
4820
3238
6821
3137
7435
4876
869
10303
7648
4220
6788
14236
6743
956
4800
15693
12402
1762
2211
2867
6439
1672
4126
1247
13613
7906
12512
6270
3102
12456
12841
10847
9051
11357
8111
6300
11231
2680
4264
11661
8840
4059
7807
7881
289
15925
529
14517
1133
12851
14972
9331
8534
8289
9424
9563
12441
8844
10296
11580
3737
13139
1037
5740
9593
12372
6936
10583
6352
2498
6761
9760
7106
12393
3681
5890
7790
1416
10114
595
6853
11692
8293
2476
1098
4097
4892
2591
11340
14257
10717
12893
585
4464
11719
12228
281
13085
8613
11562
2857
11239
14403
14662
11137
937
3842
3785
10440
10515
7275
6916
9224
3061
11125
9379
130
5423
16512
6189
7445
11467
9531
9311
11295
7679
12343
3668
13168
16111
9194
2834
2532
7382
11621
6136
1059
5920
8007
7198
10212
6547
11967
6696
12054
5482
7174
847
13344
6617
9845
2437
14751
7983
1278
1171
10796
2500
13274
14722
16675
9095
2767
11087
10668
7778
2790
9482
198
9111
3598
14209
7788
14899
14450
2912
6555
4393
10722
9669
5522
3258
3222
10500
12035
6861
11283
2253
10095
11694
2625
10627
12506
13177
3116
5199
3060
13222
8717
12602
3292
8113
14369
4899
1385
2733
3957
4981
6993
9826
8025
9828
6776
12098
6330
10761
1228
8431
14081
11210
12626
4983
7715
14378
10804
8395
5372
2347
3965
10023
6467
8480
7327
10238
1064
13723
5042
3834
12370
2482
8932
6233
11664
10898
11334
4145
5184
11049
8145
11179
12813
9225
7986
6008
3202
8067
12763
11457
16636
9186
3533
14828
11199
4077
3158
10027
7459
5120
13889
5746
7371
6386
3663
13029
3094
6460
5271
8347
13838
13490
9781
4848
16258
3592
6863
2131
11635
10039
15540
11445
14749
8064
6603
7007
7499
8893
9797
30
12743
10778
9074
11517
9606
6858
9765
13175
10222
12583
8901
12251
12411
2112
5860
7021
889
4442
13039
12616
6035
7003
5307
13424
7673
13741
10590
4210
11578
5032
12767
13417
9787
7462
11396
12080
2833
5180
12978
14553
11718
9866
11619
9489
464
5720
9206
9702
10338
4044
5957
12730
2076
395
10699
4573
10635
10611
9621
10676
7171
1718
2889
616
13809
1265
12655
9777
957
13834
10971
10695
1226
12658
16023
5002
1785
10834
8596
7589
3996
2378
12111
1926
9731
11421
7795
1134
4571
5904
6971
12680
9113
1137
897
10198
12784
4827
11800
13396
52
5296
13062
6454
7949
6670
9106
14892
13241
2580
4506
11165
12728
1489
14225
3001
10356
11247
10681
9110
8682
2067
9984
10727
10642
3585
9228
6729
5649
2935
10688
323
457
3558
10752
5142
13306
19290
6524
14810
16136
579
7218
7656
10315
7409
1970
8231
13855
2284
9048
10868
3745
3266
1330
7871
6393
12264
4344
3963
9726
188
2228
12588
9875
12013
3764
8342
10604
9003
2502
9678
10952
10526
782
17073
9698
13513
4587
12161
9675
13080
10156
5388
671
9376
7360
5940
11163
4168
3104
1974
6513
11406
9737
8375
10988
11425
3
11065
3824
10941
2
1481
4459
15041
1909
8457
4165
9038
2399
10633
13921
7400
11362
9711
12597
10150
5854
9736
5535
12689
8469
11510
9552
17362
6940
9488
9342
2214
11995
12542
6934
6194
11432
8019
6914
8396
685
14048
10239
1339
11082
10765
14283
4245
4568
13867
14438
10005
14618
4851
2071
13075
6731
5581
4364
12206
5978
7515
13090
10106
13720
3614
12410
11772
1144
3133
10788
7861
3664
11793
9782
851
12392
11104
7794
10862
5539
4757
15576
13066
2557
14771
5278
8691
5342
5276
10934
4794
13472
6893
9520
13064
13665
8026
2123
4707
3952
8096
15617
9932
1087
10366
8871
7396
5421
9931
11072
13869
5033
3497
6354
2406
9688
10990
5809
14391
8336
197
14876
12625
14610
5942
15984
11729
10098
9161
4560
6062
16301
4542
10268
11235
9730
14232
12823
233
14666
12569
16565
7855
6702
9597
8454
4875
3507
8796
2176
8694
10612
9667
8460
2739
8569
7829
8798
12514
1381
328
6351
5851
4462
2353
14727
1254
9836
8587
8511
10692
15021
9169
1095
13516
13841
9858
9089
10339
10245
6510
13562
9751
11528
13622
12909
14737
11633
13007
2155
9043
9582
13896
7998
3196
8816
5631
5378
13359
9568
7467
7506
5018
8703
5155
6757
10645
5936
14318
5636
15171
13565
10286
9851
13176
10186
10334
17648
12472
11530
11489
14274
3666
9215
2237
3281
7431
9896
3854
8424
500
15094
13696
10679
9401
14363
7629
16251
10032
10563
4713
13017
15662
15420
2861
8943
336
8156
13002
1183
9077
2018
13265
321
11922
7952
2670
12303
11022
4566
15180
9532
9573
4064
13101
13593
13456
3031
10079
6974
8774
9975
9301
16778
11859
9147
12935
13566
2143
6297
12982
13275
4609
11613
9008
11909
673
11751
5050
6286
16702
10279
4073
8324
11495
5243
9591
12342
12442
10759
5753
606
10570
9257
17235
2227
624
12543
11483
10815
436
11480
7473
12056
6663
3375
11518
7762
14071
13376
4937
2120
16440
14045
11418
6107
10358
5242
9785
12345
3445
14384
11951
8729
9564
10655
13681
1763
18037
14197
16858
11503
13057
2006
603
11758
12180
9575
9109
13595
8419
10129
4783
4474
12059
8147
10395
11424
12829
15059
234
1524
2674
15353
2343
6061
13450
15046
5951
10272
11379
11987
15144
4144
10682
14927
7910
9925
13897
11716
13772
7566
15745
2326
14419
8483
1874
8655
10152
10488
16357
11014
11409
4115
7464
7206
11525
10951
10057
8273
3917
13791
8269
13328
15458
5329
13410
8516
2751
15134
5338
10433
12781
346
1216
3288
15135
10552
8845
15453
905
14672
7026
3512
8791
11506
14852
4911
12148
1796
9377
10591
9056
15087
13886
12930
1765
11504
12259
3400
8872
15383
6564
4383
10875
16184
11820
8577
11599
11048
9816
4258
7946
11205
12529
6255
14900
11355
11228
10075
9643
12617
8806
13903
12585
11522
4068
1929
11932
4288
8331
8205
13027
19609
6979
3642
13651
2819
139
1986
14003
494
10081
18026
15289
13254
11151
16310
13110
11204
6796
3345
3955
10755
10015
10197
15866
7399
7759
5210
10406
11640
6595
4945
13657
2016
2808
5507
2141
49
3065
9920
9665
5924
7347
6812
14646
12929
12615
11925
18452
13348
3228
15850
5837
11236
11441
78
12796
15143
1992
14923
9486
16354
9905
6957
8196
8260
9850
10618
15223
1421
6942
4135
2377
13757
3753
9732
6794
13030
12397
12462
5528
12338
7682
646
2803
5443
5898
5459
15221
11373
11826
16404
6261
172
12488
3906
10867
7697
10018
1749
16021
14396
15160
8032
11075
2350
9930
2222
14973
12995
10805
1755
7874
14741
9500
5289
8997
12096
13625
4384
12287
14007
4578
9890
4303
8427
9799
7830
11879
6961
9136
9173
14819
8157
11795
10544
2877
1756
10858
10793
3268
4863
3077
7058
10864
3277
6067
8948
6559
11343
11347
8795
14521
9293
17747
9187
3588
3693
11714
12169
7642
3991
4121
3423
1693
5363
1473
13245
12768
17224
9030
11840
4605
11824
6285
3901
15470
12278
14062
9788
16510
4321
13508
5525
1337
6987
3967
11376
9347
5216
1804
12958
8367
1170
9266
7905
7584
12310
5575
4238
5262
10758
2772
12819
17151
14056
11184
9276
12567
15370
7826
6111
878
6019
11086
12120
12566
11466
5362
17007
696
9539
5513
8406
690
20684
10415
10977
12524
8570
2043
2106
8449
18010
5997
13594
13928
11452
13590
14478
14632
13887
16616
13413
10258
14459
15876
16498
13393
17293
15795
11984
16121
7350
8937
10361
8094
13295
10810
15624
14538
8116
4532
5556
11982
9103
3740
10838
3117
13663
9528
13471
5858
6153
8722
1717
3610
6614
13988
9876
15974
7740
10648
11667
10151
12707
11178
8043
3900
1462
7531
9133
8365
11614
8071
7681
4717
5823
13753
1958
11992
8899
6215
2913
14989
11677
3908
14297
21086
433
4809
9945
11169
6736
8165
13058
6268
15192
5169
12359
11979
4450
8727
13918
16187
4180
9029
15042
6880
9449
8423
14
6722
9792
13993
11734
10436
10576
8998
6076
15417
985
17232
526
9619
12124
8428
14968
9561
5727
11757
5974
3293
7381
11902
17849
1377
4657
4311
10827
8039
13754
3204
4580
14836
7695
15865
6948
10130
16194
11672
7439
14299
9879
9754
4734
1165
2552
17302
8676
2149
1021
1985
1368
6068
9382
3759
13769
13122
16635
15755
9990
10756
10069
13666
7004
5109
10388
6052
6544
7496
13044
9413
8947
12770
5004
7997
10410
5286
11803
3708
1097
14932
2614
9025
4070
11668
7110
8965
1843
3547
7929
18861
10084
13773
9844
802
18938
10719
9244
17343
1063
13675
32
9727
14990
3073
12248
15864
10337
4455
4917
4764
14993
8935
5604
9546
9743
15557
9155
13998
7033
5176
13171
3017
14351
10321
17794
7775
12110
1916
8667
7912
4440
6360
10240
5115
11193
13351
15524
7521
11050
12666
10264
5655
797
14173
2903
14398
8235
3718
13192
10932
16691
11615
13947
11969
9790
2741
13443
16880
9610
15943
17982
9594
12619
11886
2121
7806
9497
11855
10762
5708
14415
12460
15523
15247
13325
5254
6602
9430
10345
3521
14634
127
1747
10042
4549
10638
6099
9303
6274
7843
5162
2987
13415
13121
15304
7953
11839
13011
6256
7877
6528
8574
4531
6249
13511
8477
10519
12553
14166
8797
4358
12178
16228
16764
4675
8512
13817
1434
11669
12452
14682
20106
9251
17202
7502
11907
14219
6829
4206
9987
18567
11206
4324
11349
8952
18198
10372
16391
12077
13249
5914
11703
13123
8197
2115
8475
1930
10047
9602
11853
2263
13156
6087
1279
10274
8012
7908
5014
10288
16421
14174
7689
15005
6163
12078
14761
12493
9798
16689
2729
1521
8539
10562
14782
4374
16003
6843
8206
14226
8673
9696
7387
10368
441
8009
14636
14546
15437
11815
11647
11130
15498
19234
2144
5048
14793
2187
1781
4022
13524
259
14262
1743
5728
10923
13866
6906
4401
15933
6047
15279
16624
6613
6724
15118
20861
117
478
4315
14643
4597
10665
51
9105
9753
953
12083
4612
14926
3215
4426
10587
15728
2114
2645
8101
15862
4080
17399
3765
2997
4852
4136
6665
9590
658
13709
13959
16264
6581
7583
4520
7087
18801
18895
20690
14416
4645
11488
5852
3504
16423
5794
11732
14597
8117
12373
12486
12467
12887
13606
17492
14958
18634
2659
11849
1043
14755
7458
8359
17051
2095
3810
5470
15006
16447
5235
12702
13051
21794
18045
4599
2099
16810
2993
8528
18600
15217
7635
16096
10394
6850
15258
3786
11388
12067
16463
3694
6576
7638
14792
13520
7707
913
14767
13162
19447
11182
15914
18512
14842
9039
16006
626
16441
8914
7034
15870
1981
1904
17818
5784
303
15386
577
9900
14456
5046
1340
12168
9994
13596
12957
13482
3586
21386
11885
5117
18308
6976
7981
11098
6933
3141
7442
2802
18407
7075
14846
9031
3320
17227
1224
7627
9783
15063
12017
12919
5164
1324
8455
8340
16333
19634
2943
6232
11069
16758
4613
10229
14238
18686
10201
16237
11607
6902
7323
8238
12946
11864
12379
19724
11034
11190
1106
17093
14992
9956
10586
15798
14118
6929
16065
13782
8302
11331
5255
11279
12244
2111
13646
9394
13961
13640
16242
17435
4056
6967
9263
3273
15724
4428
1433
15951
5082
2850
11401
9596
11042
2331
10407
1482
16500
13738
5607
6807
17316
121
12398
12678
1505
15826
14018
17126
12298
4906
13069
7567
9134
12950
11872
16505
3308
12889
17054
16408
10117
11543
1316
1838
18218
11934
5166
16261
9865
14146
12048
12254
8461
7660
11012
9357
5207
12247
10139
9585
7247
6975
3366
7851
569
15897
12360
13221
2493
1777
12532
16133
5665
12329
14422
18412
14208
15834
5121
7427
11089
11513
1644
16431
19148
3743
8531
9344
15414
8857
11509
15890
6130
2283
10439
20543
12931
6674
15849
14376
12453
9704
14429
14432
8525
18889
14170
1394
6508
11238
4076
13492
10327
14020
14147
10282
18546
7862
4259
4524
984
6708
11016
4012
9213
6533
4
5383
17308
11158
14446
14675
18751
11651
12794
4299
8793
8135
13648
10814
15743
2801
8056
11891
5632
17178
6362
512
15968
8003
1925
7195
8902
13874
15767
19695
12302
14165
7288
11419
13414
5609
7884
8888
17185
13522
5954
6845
4665
11605
1323
8489
2865
7684
9233
9378
10776
10235
7604
14215
11857
6579
14938
6283
4895
12346
12258
13628
8105
18047
16922
7113
10190
18076
12069
6451
13931
14104
2098
15823
17503
14448
6682
3115
14766
14874
6763
11875
12962
5534
11271
9807
6831
9766
9042
15310
4265
59
9763
15080
3305
11950
12913
14043
12643
6506
12775
7901
1073
11443
9231
11202
14035
15774
8642
7517
12533
1083
12902
15391
13364
12574
14157
5373
10754
15564
16606
299
5017
14742
14175
2598
14784
16322
14752
12646
1576
11834
11827
12104
15028
8279
12911
12364
12490
10270
16973
10412
15201
17562
14193
10577
18502
15741
4744
1800
10850
15801
12992
9329
18885
16750
12275
8870
10615
10082
6818
16467
18619
7598
335
20436
5468
11213
918
1552
14731
5845
1301
1900
14904
1711
13652
14747
15996
12308
12152
12907
1182
15612
6059
210
4556
16243
15274
8443
7038
10045
17064
8704
4654
17570
19472
13475
17533
21739
2130
15315
3760
18352
17904
13371
4698
13432
8849
13427
9300
11739
14319
10455
7702
16690
11557
13219
355
19206
13459
8484
15918
8556
4114
18371
11056
11453
13305
16413
6031
14345
6852
14370
15616
12780
237
1638
630
10883
10181
1477
17734
11634
14356
16432
19028
1376
9275
3139
1875
9508
18902
13444
14139
9647
15670
19173
15290
6932
9422
14764
6389
1912
4230
7158
12182
8187
9050
12650
5500
7488
12771
16371
9589
9701
1407
8418
3508
16938
14075
745
16479
2538
11736
10547
7440
10072
2080
15732
9748
11675
16909
18487
13853
11090
8232
13808
19014
11326
4452
7731
11566
11802
1397
8761
18211
12895
14428
6673
9613
13803
9297
4932
1178
14817
10738
15674
9690
16155
10004
877
21994
4235
590
13140
6182
13433
13638
10837
6660
8381
18008
12964
2319
12105
14530
14515
2064
11122
6688
16823
6476
7792
9469
1731
18749
6322
3368
6638
11423
15972
9964
11691
13603
2706
9728
15109
8701
11553
10504
14222
12584
17854
21840
16347
4780
1594
6687
14479
12642
104
16569
14004
13771
7422
16615
10567
9867
10933
3155
6864
15158
12123
9980
9559
14154
12262
12776
10660
14464
96
6489
16315
13018
18637
18757
14708
16274
1884
213
11814
14437
16532
13746
7146
14028
12863
14971
3183
7492
18508
22054
16835
5810
110
11177
12242
14791
16361
14279
12505
18543
15056
14581
12580
17949
15272
13239
16470
15874
13581
14879
6894
14098
15961
16493
18134
3002
17136
13499
4936
19013
5730
13588
15388
15147
15580
9937
10180
17915
17688
2258
1366
4974
21219
8651
19019
5834
12430
6002
14684
19804
7498
13989
14259
7054
9338
19708
13209
17932
18884
14777
13751
12620
16879
22101
322
9817
9340
15179
9849
2425
10826
13805
13826
12007
10574
11652
12905
19990
15809
15248
19360
11456
11627
15501
13519
16562
8921
10724
11305
16090
7237
4910
5961
10994
10710
14965
19654
1629
612
18379
12799
12948
15924
14212
13169
13350
11860
2844
868
17921
18204
13823
8397
11475
10905
17026
18068
17137
11449
8250
12174
13919
16160
16355
5179
17390
14046
2026
19037
5264
13906
6458
11792
18307
14057
11028
13404
13612
6624
10297
15292
15322
9921
542
6584
23114
5208
5889
6754
13063
15545
16062
4482
8656
15212
14026
3513
16126
6350
15805
11960
22795
11391
13958
15927
13770
12367
9735
6069
19912
11037
986
12598
20548
12509
10651
17521
18605
19216
8953
13621
12213
6715
5167
13207
3915
9999
12685
16729
12193
13224
14574
2196
13434
9443
8066
16649
14103
17707
1193
2034
13357
7008
15894
10449
14665
13759
16135
8036
19335
7536
18960
12890
12413
16628
15390
5494
12949
13293
13698
14017
11059
17144
12609
8616
6374
14008
12570
13416
16064
11079
22856
17134
21512
13510
3035
14137
16747
16678
13882
1220
10318
60
1736
14383
2673
9721
9812
15539
8530
12793
3599
12787
13650
7936
17769
12065
16705
14851
15672
8886
13514
15937
15768
10383
13486
1497
12215
12286
74
8964
12558
11314
10766
13844
18040
14149
18633
14575
15510
6717
17569
11397
3750
14088
3936
17335
10329
10194
18423
15721
2622
16811
9852
14091
20878
2722
21706
13068
19955
14196
1142
12924
5260
11450
7053
11220
13735
8922
8338
5122
8782
12371
3476
18231
6477
13620
9871
21130
12436
12203
133
14759
10188
16874
16092
16316
7417
2983
16542
18210
16162
15680
13143
4081
12869
16098
11575
17715
12288
11490
11957
618
4152
9524
7654
13218
10126
7286
7269
18862
15947
14918
10976
12581
16492
15967
8529
14049
21377
14499
562
17608
18380
14470
8471
6007
12816
20065
11534
4537
5224
15532
19788
15364
6331
14686
16859
16081
11415
20172
6462
12108
15700
19757
17445
18461
15699
3591
5356
22423
10167
9517
14519
15454
10038
15598
9831
11327
14325
14342
18106
8583
14630
17019
18356
10147
20407
18208
19094
18414
16472
19062
14609
1502
14083
6551
9664
16698
16273
11882
16344
20144
8114
18556
13378
16478
19749
7365
2770
7078
11880
1885
6905
16660
14121
15860
11617
14381
13087
143
8354
15335
13604
16617
16002
3602
17500
5134
15460
7797
10468
18867
2672
16047
7011
15461
18690
8301
19066
6024
14743
11884
3042
21235
18841
17889
17641
19454
16132
4737
11572
12012
7019
14426
12458
11526
8486
11735
7827
14579
12283
8707
13206
17305
14335
19839
21262
9881
18534
11275
11687
13204
11776
17105
9144
11003
2365
3269
7475
15934
12427
12894
12836
15228
17612
17382
16610
16638
15833
16420
11033
5367
14036
17894
18375
2813
10830
16717
6785
12295
18111
6721
16071
18055
13116
7282
2855
7646
11676
18926
2392
18614
18777
14255
16950
17529
14693
4078
16042
17303
15072
10463
202
15267
14095
14524
15164
22475
4884
13630
16579
7965
20069
8632
7864
13955
20282
18539
17962
8585
18905
7579
5566
14251
14305
9078
11550
17268
18459
6851
3118
18770
14264
21617
2815
16721
4045
11494
17413
511
3078
10237
8150
6567
17472
13712
14252
18323
22193
13668
21667
16210
15645
13677
13151
20316
14269
8832
4415
18922
16523
5750
15103
21114
12170
1811
8085
16634
13452
24604
14946
15929
18223
14598
14300
2040
19276
546
15402
15821
14198
8028
16929
14710
10289
13442
14674
17619
14245
16878
2091
16245
11854
16916
15904
17643
13927
19180
13384
4724
17174
15480
11711
15691
12118
11160
13172
17398
15117
17047
13898
384
2147
71
11980
15718
9479
16387
13542
11561
5009
12640
21043
16901
16303
17453
11043
17893
14589
16707
5079
15859
9639
11948
15895
3783
18140
5744
6745
15873
16169
7453
12377
15291
14738
2616
9583
14113
5618
11938
9162
3058
10698
14399
6388
16995
14506
20806
14604
1726
11531
8590
4719
17022
12150
15522
11512
1320
17196
12480
13932
11435
12612
18090
21708
20567
20540
16220
17469
13108
18288
7728
2749
11947
15868
15504
20546
19784
20915
16031
20609
14799
12424
12758
17168
18588
19509
14135
16439
9977
15502
17852
9642
19171
13795
10077
13290
6718
15838
11240
16871
19270
19267
17223
17930
15163
6385
18714
9217
14364
15344
13500
17990
13342
13460
9801
15319
17532
16407
21448
17668
9640
6750
14511
15677
11565
17864
15610
14518
15840
4939
13266
19152
19595
12004
13899
16293
16779
11742
19011
13438
15082
12144
20356
16183
13405
14539
9332
15096
17029
16759
16474
21287
13470
13297
15723
16661
7309
11399
16484
16503
16970
18363
15930
19935
10208
14434
13420
19653
17243
17621
42
19112
12965
10309
14435
11448
7918
7375
18976
14414
14030
18882
13523
16829
20491
17486
18657
19517
9495
13699
22110
22285
12387
16044
16530
14550
6655
12850
14292
21388
17167
15566
20078
11574
16306
5962
18769
14177
12792
18295
16317
17188
17081
3660
17575
17530
17409
17344
15016
1108
11784
12632
22044
8765
18145
12504
17175
18851
14804
13535
13703
3169
17304
13902
15177
13617
1045
16130
18070
17313
15647
9861
14868
16801
14161
12783
14386
16667
17408
19373
17615
13718
1252
7486
12817
18278
18192
17626
17651
12255
10381
18554
10233
12710
20859
12641
18437
11474
19388
17332
15019
15976
14324
23865
15759
13196
18484
16159
16120
19633
14898
16986
17477
4267
4676
9096
12687
16445
13788
13956
22129
12234
16570
13042
9892
15936
12824
16465
15729
14935
17760
15121
15198
18910
21910
12354
17238
14698
10353
13313
13860
18069
11610
18087
14220
18325
11053
6990
21357
16708
12991
12534
18562
12592
16418
18595
16147
14748
13341
16659
16609
20988
16629
17913
9131
10894
14462
19449
20210
19182
15905
18003
15398
12846
15419
15550
15578
14718
16033
16568
17098
22089
10957
14858
14599
11731
18173
16450
22387
13047
9946
12299
15716
14078
15825
21839
11361
19326
17474
16043
19602
16894
16630
20863
14445
17857
17596
18544
20086
17296
18351
17868
18975
16641
21343
14223
13790
4923
15149
19879
16997
12891
17553
16384
15793
15478
14525
18393
17605
13043
17592
21490
13704
17848
16331
18739
18328
19496
18732
14440
15708
14392
20809
